TIME(MS),COMMAND,VALUE
 007250 ,1      ,1
 010150 ,1      ,0
 010150 ,2      ,1
 013100 ,2      ,0
 013100 ,3      ,1
 016000 ,3      ,0
 016000 ,4      ,1
 018950 ,4      ,0
 018950 ,5      ,1
 021850 ,4      ,1
 021850 ,5      ,0
 024800 ,3      ,1
 024800 ,4      ,0
 027950 ,2      ,1
 027950 ,3      ,0
 030150 ,2      ,0
 033350 ,6      ,1
 034400 ,1      ,1
 035300 ,1      ,0
 035300 ,4      ,1
 036300 ,2      ,1
 036300 ,4      ,0
 037250 ,2      ,0
 037250 ,3      ,1
 038250 ,3      ,0
 038250 ,5      ,1
 039200 ,1      ,1
 039200 ,5      ,0
 040200 ,1      ,0
 041100 ,6      ,0
 041100 ,7      ,1
 042000 ,2      ,1
 042000 ,4      ,1
 043000 ,1      ,1
 043000 ,2      ,0
 043000 ,3      ,1
 043000 ,4      ,0
 044000 ,1      ,0
 044000 ,2      ,1
 044000 ,3      ,0
 044000 ,5      ,1
 044200 ,7      ,0
 044200 ,8      ,1
 044500 ,2      ,0
 044500 ,5      ,0
 044950 ,3      ,1
 044950 ,5      ,1
 045900 ,2      ,1
 045900 ,3      ,0
 045900 ,4      ,1
 045900 ,5      ,0
 046900 ,1      ,1
 046900 ,2      ,0
 046900 ,3      ,1
 046900 ,4      ,0
 047450 ,1      ,0
 047450 ,3      ,0
 047450 ,8      ,0
 047800 ,1      ,1
 047800 ,2      ,1
 047800 ,3      ,1
 047800 ,4      ,1
 047800 ,5      ,1
 048100 ,1      ,0
 048100 ,2      ,0
 048100 ,3      ,0
 048100 ,4      ,0
 048100 ,5      ,0
 048100 ,6      ,1
 048800 ,1      ,1
 048800 ,2      ,1
 048800 ,3      ,1
 048800 ,4      ,1
 048800 ,5      ,1
 049100 ,1      ,0
 049100 ,2      ,0
 049100 ,3      ,0
 049100 ,4      ,0
 049100 ,5      ,0
 049100 ,6      ,0
 049100 ,8      ,1
 049850 ,1      ,1
 049850 ,5      ,1
 050750 ,2      ,1
 050750 ,4      ,1
 051750 ,3      ,1
 052700 ,1      ,0
 052700 ,2      ,0
 052700 ,3      ,0
 052700 ,4      ,0
 052700 ,5      ,0
 052700 ,6      ,1
 052700 ,8      ,0
 055050 ,6      ,0
 056600 ,7      ,1
 056600 ,8      ,1
 057550 ,6      ,1
 057550 ,8      ,0
 058500 ,7      ,0
 058500 ,8      ,1
 059500 ,6      ,0
 059500 ,7      ,1
 060400 ,6      ,1
 060450 ,8      ,0
 061400 ,7      ,0
 061400 ,8      ,1
 062350 ,6      ,0
 062350 ,7      ,1
 063350 ,6      ,1
 063350 ,8      ,0
 064300 ,1      ,1
 064400 ,2      ,1
 064400 ,7      ,0
 064600 ,3      ,1
 064800 ,4      ,1
 065000 ,5      ,1
 065300 ,1      ,0
 065300 ,2      ,0
 065300 ,3      ,0
 065300 ,4      ,0
 065500 ,4      ,1
 065650 ,3      ,1
 065800 ,2      ,1
 066000 ,1      ,1
 066250 ,1      ,0
 066250 ,2      ,0
 066250 ,3      ,0
 066250 ,4      ,0
 066250 ,5      ,0
 066350 ,1      ,1
 066350 ,5      ,1
 066450 ,2      ,1
 066600 ,4      ,1
 066800 ,3      ,1
 067000 ,2      ,0
 067000 ,4      ,0
 067300 ,1      ,0
 067300 ,2      ,1
 067300 ,3      ,0
 067300 ,4      ,1
 067300 ,5      ,0
 067450 ,1      ,1
 067450 ,2      ,0
 067450 ,3      ,1
 067450 ,4      ,0
 067450 ,5      ,1
 067650 ,6      ,0
 067650 ,7      ,1
 068050 ,1      ,0
 068050 ,3      ,0
 068050 ,5      ,0
 068050 ,7      ,0
 068050 ,8      ,1
 070100 ,1      ,1
 070100 ,7      ,1
 070100 ,8      ,0
 072050 ,5      ,1
 072050 ,6      ,1
 072050 ,7      ,0
 073000 ,2      ,1
 073000 ,6      ,0
 073000 ,8      ,1
 074000 ,4      ,1
 074000 ,7      ,1
 074000 ,8      ,0
 074900 ,3      ,1
 074900 ,6      ,1
 074900 ,7      ,0
 075850 ,5      ,0
 075900 ,4      ,0
 075950 ,3      ,0
 076000 ,2      ,0
 076100 ,1      ,0
 076100 ,6      ,0
 079700 ,3      ,1
 080700 ,2      ,1
 080700 ,4      ,1
 081650 ,1      ,1
 081650 ,5      ,1
 082650 ,1      ,0
 082650 ,2      ,0
 082650 ,3      ,0
 082650 ,4      ,0
 082650 ,5      ,0
 082650 ,8      ,1
 083300 ,7      ,1
 083300 ,8      ,0
 083500 ,3      ,1
 084500 ,2      ,1
 084500 ,4      ,1
 085500 ,1      ,1
 085500 ,5      ,1
 086400 ,1      ,0
 086400 ,2      ,0
 086400 ,3      ,0
 086400 ,4      ,0
 086400 ,5      ,0
 086400 ,6      ,1
 086400 ,7      ,0
 087100 ,1      ,1
 087100 ,3      ,1
 087100 ,5      ,1
 087250 ,1      ,0
 087250 ,3      ,0
 087250 ,5      ,0
 087400 ,1      ,1
 087400 ,3      ,1
 087400 ,5      ,1
 087800 ,1      ,0
 087800 ,3      ,0
 087800 ,5      ,0
 088300 ,6      ,0
 088300 ,8      ,1
 089300 ,6      ,1
 089300 ,8      ,0
 089400 ,2      ,1
 089400 ,4      ,1
 090250 ,6      ,0
 090250 ,7      ,1
 091250 ,1      ,1
 091250 ,3      ,1
 091250 ,5      ,1
 092250 ,2      ,0
 093200 ,5      ,0
 094150 ,3      ,0
 095100 ,1      ,0
 096050 ,4      ,0
 097000 ,7      ,0
 098800 ,6      ,1
 098800 ,7      ,1
 099100 ,1      ,1
 099150 ,1      ,0
 099150 ,2      ,1
 099250 ,2      ,0
 099250 ,3      ,1
 099300 ,3      ,0
 099300 ,4      ,1
 099400 ,4      ,0
 099400 ,5      ,1
 099450 ,5      ,0
 099450 ,6      ,0
 099700 ,6      ,1
 100000 ,1      ,1
 100050 ,1      ,0
 100050 ,2      ,1
 100150 ,2      ,0
 100150 ,3      ,1
 100200 ,3      ,0
 100200 ,4      ,1
 100300 ,4      ,0
 100300 ,5      ,1
 100350 ,5      ,0
 100350 ,6      ,0
 100650 ,6      ,1
 101000 ,1      ,1
 101050 ,1      ,0
 101050 ,2      ,1
 101100 ,2      ,0
 101100 ,3      ,1
 101150 ,3      ,0
 101150 ,4      ,1
 101200 ,4      ,0
 101200 ,5      ,1
 101250 ,5      ,0
 101250 ,6      ,0
 101550 ,6      ,1
 101950 ,1      ,1
 102000 ,1      ,0
 102000 ,2      ,1
 102100 ,2      ,0
 102100 ,3      ,1
 102150 ,3      ,0
 102150 ,4      ,1
 102250 ,4      ,0
 102250 ,5      ,1
 102300 ,5      ,0
 102300 ,6      ,0
 102600 ,6      ,1
 102600 ,7      ,0
 102600 ,8      ,1
 102950 ,1      ,1
 103000 ,1      ,0
 103000 ,2      ,1
 103100 ,2      ,0
 103100 ,3      ,1
 103150 ,3      ,0
 103150 ,4      ,1
 103250 ,4      ,0
 103250 ,5      ,1
 103300 ,5      ,0
 103300 ,8      ,0
 103600 ,8      ,1
 103900 ,1      ,1
 103950 ,1      ,0
 103950 ,2      ,1
 104050 ,2      ,0
 104050 ,3      ,1
 104100 ,3      ,0
 104100 ,4      ,1
 104200 ,4      ,0
 104200 ,5      ,1
 104250 ,5      ,0
 104250 ,8      ,0
 104550 ,8      ,1
 104850 ,1      ,1
 104900 ,1      ,0
 104900 ,2      ,1
 105000 ,2      ,0
 105000 ,3      ,1
 105050 ,3      ,0
 105050 ,4      ,1
 105150 ,4      ,0
 105150 ,5      ,1
 105200 ,5      ,0
 105200 ,8      ,0
 105550 ,8      ,1
 105800 ,1      ,1
 105850 ,1      ,0
 105850 ,2      ,1
 105950 ,2      ,0
 105950 ,3      ,1
 106050 ,3      ,0
 106050 ,4      ,1
 106150 ,4      ,0
 106150 ,5      ,1
 106200 ,5      ,0
 106200 ,8      ,0
 106550 ,8      ,1
 106800 ,1      ,1
 106850 ,1      ,0
 106850 ,2      ,1
 106950 ,2      ,0
 106950 ,3      ,1
 107050 ,3      ,0
 107050 ,4      ,1
 107150 ,4      ,0
 107150 ,5      ,1
 107200 ,5      ,0
 107200 ,8      ,0
 107450 ,8      ,1
 107750 ,1      ,1
 107800 ,1      ,0
 107800 ,2      ,1
 107900 ,2      ,0
 107900 ,3      ,1
 107950 ,3      ,0
 107950 ,4      ,1
 108050 ,4      ,0
 108050 ,5      ,1
 108100 ,5      ,0
 108100 ,8      ,0
 108400 ,8      ,1
 108700 ,1      ,1
 108750 ,1      ,0
 108750 ,2      ,1
 108850 ,2      ,0
 108850 ,3      ,1
 108900 ,3      ,0
 108900 ,4      ,1
 109000 ,4      ,0
 109000 ,5      ,1
 109050 ,5      ,0
 109050 ,8      ,0
 109300 ,8      ,1
 109700 ,1      ,1
 109750 ,1      ,0
 109750 ,2      ,1
 109850 ,2      ,0
 109850 ,3      ,1
 109900 ,3      ,0
 109900 ,4      ,1
 110000 ,4      ,0
 110000 ,5      ,1
 110050 ,5      ,0
 110050 ,8      ,0
 110350 ,8      ,1
 110650 ,1      ,1
 110700 ,1      ,0
 110700 ,2      ,1
 110800 ,2      ,0
 110800 ,3      ,1
 110900 ,3      ,0
 110900 ,4      ,1
 111000 ,4      ,0
 111000 ,5      ,1
 111050 ,5      ,0
 111050 ,6      ,0
 111050 ,8      ,0
 111300 ,8      ,1
 111350 ,7      ,1
 111600 ,1      ,1
 111650 ,1      ,0
 111650 ,2      ,1
 111750 ,2      ,0
 111750 ,3      ,1
 111850 ,3      ,0
 111850 ,4      ,1
 111950 ,4      ,0
 111950 ,5      ,1
 112000 ,5      ,0
 112000 ,7      ,0
 112300 ,7      ,1
 112550 ,1      ,1
 112600 ,1      ,0
 112600 ,2      ,1
 112700 ,2      ,0
 112700 ,3      ,1
 112800 ,3      ,0
 112800 ,4      ,1
 112900 ,4      ,0
 112900 ,5      ,1
 112950 ,5      ,0
 112950 ,7      ,0
 113250 ,7      ,1
 113550 ,1      ,1
 113600 ,1      ,0
 113600 ,2      ,1
 113650 ,2      ,0
 113650 ,3      ,1
 113750 ,3      ,0
 113750 ,4      ,1
 113800 ,4      ,0
 113800 ,5      ,1
 113850 ,5      ,0
 113850 ,7      ,0
 114150 ,7      ,1
 114500 ,1      ,1
 114550 ,1      ,0
 114550 ,2      ,1
 114650 ,2      ,0
 114650 ,3      ,1
 114700 ,3      ,0
 114700 ,4      ,1
 114800 ,4      ,0
 114800 ,5      ,1
 114850 ,5      ,0
 114850 ,7      ,0
 115150 ,7      ,1
 115450 ,1      ,1
 115500 ,1      ,0
 115500 ,2      ,1
 115600 ,2      ,0
 115600 ,3      ,1
 115650 ,3      ,0
 115650 ,4      ,1
 115750 ,4      ,0
 115750 ,5      ,1
 115800 ,5      ,0
 115800 ,7      ,0
 116100 ,7      ,1
 116400 ,1      ,1
 116450 ,1      ,0
 116450 ,2      ,1
 116550 ,2      ,0
 116550 ,3      ,1
 116650 ,3      ,0
 116650 ,4      ,1
 116750 ,4      ,0
 116750 ,5      ,1
 116800 ,5      ,0
 116800 ,7      ,0
 117050 ,7      ,1
 117350 ,1      ,1
 117400 ,1      ,0
 117400 ,2      ,1
 117500 ,2      ,0
 117500 ,3      ,1
 117600 ,3      ,0
 117600 ,4      ,1
 117700 ,4      ,0
 117700 ,5      ,1
 117750 ,5      ,0
 117750 ,7      ,0
 117750 ,8      ,0
 118400 ,6      ,1
 118850 ,6      ,0
 119300 ,7      ,1
 119800 ,7      ,0
 120250 ,8      ,1
 121450 ,4      ,1
 121450 ,8      ,0
 121750 ,2      ,1
 121750 ,4      ,0
 122000 ,2      ,0
 122200 ,6      ,1
 122900 ,6      ,0
 123200 ,7      ,1
 123850 ,7      ,0
 124200 ,8      ,1
 125100 ,4      ,1
 125250 ,8      ,0
 125450 ,2      ,1
 125450 ,4      ,0
 125700 ,2      ,0
 126150 ,1      ,1
 126150 ,3      ,1
 126150 ,5      ,1
 127050 ,1      ,0
 127050 ,2      ,1
 127050 ,3      ,0
 127050 ,4      ,1
 127050 ,5      ,0
 128000 ,1      ,1
 128000 ,2      ,0
 128000 ,3      ,1
 128000 ,4      ,0
 128000 ,5      ,1
 128950 ,1      ,0
 128950 ,2      ,1
 128950 ,3      ,0
 128950 ,4      ,1
 128950 ,5      ,0
 129900 ,1      ,1
 129900 ,2      ,0
 129900 ,3      ,1
 129900 ,4      ,0
 129900 ,5      ,1
 129900 ,8      ,1
 130850 ,1      ,0
 130850 ,2      ,1
 130850 ,3      ,0
 130850 ,4      ,1
 130850 ,5      ,0
 131850 ,1      ,1
 131850 ,2      ,0
 131850 ,3      ,1
 131850 ,4      ,0
 131850 ,5      ,1
 132700 ,1      ,0
 132700 ,2      ,1
 132700 ,3      ,0
 132700 ,4      ,1
 132700 ,5      ,0
 133700 ,2      ,0
 133700 ,4      ,0
 133700 ,8      ,0
 133800 ,3      ,1
 134100 ,2      ,1
 134100 ,4      ,1
 134450 ,1      ,1
 134450 ,5      ,1
 134750 ,3      ,0
 134800 ,6      ,1
 135050 ,2      ,0
 135050 ,4      ,0
 135400 ,1      ,0
 135400 ,5      ,0
 135700 ,6      ,0
 135700 ,7      ,1
 135750 ,3      ,1
 136050 ,2      ,1
 136050 ,4      ,1
 136300 ,1      ,1
 136300 ,5      ,1
 136700 ,3      ,0
 136750 ,7      ,0
 136750 ,8      ,1
 137000 ,2      ,0
 137000 ,4      ,0
 137350 ,1      ,0
 137350 ,5      ,0
 137700 ,3      ,1
 137700 ,6      ,1
 137700 ,8      ,0
 138000 ,2      ,1
 138000 ,4      ,1
 138250 ,1      ,1
 138250 ,5      ,1
 138650 ,3      ,0
 138650 ,6      ,0
 138650 ,7      ,1
 138950 ,2      ,0
 138950 ,4      ,0
 139300 ,1      ,0
 139300 ,5      ,0
 139500 ,7      ,0
 139500 ,8      ,1
 139600 ,3      ,1
 139900 ,2      ,1
 139900 ,4      ,1
 140150 ,1      ,1
 140150 ,5      ,1
 140550 ,3      ,0
 140600 ,6      ,1
 140600 ,8      ,0
 140850 ,2      ,0
 140850 ,4      ,0
 141200 ,1      ,0
 141200 ,5      ,0
 141600 ,5      ,1
 141600 ,6      ,0
 141800 ,4      ,1
 142000 ,3      ,1
 142200 ,2      ,1
 142400 ,1      ,1
 142550 ,1      ,0
 142550 ,2      ,0
 142550 ,3      ,0
 142550 ,4      ,0
 142550 ,5      ,0
 142750 ,1      ,1
 142800 ,6      ,1
 142900 ,2      ,1
 143100 ,3      ,1
 143300 ,4      ,1
 143500 ,5      ,1
 143800 ,8      ,1
 144150 ,7      ,1
 144500 ,1      ,0
 144500 ,2      ,0
 144500 ,3      ,0
 144500 ,4      ,0
 144500 ,5      ,0
 144500 ,6      ,0
 144500 ,7      ,0
 144500 ,8      ,0
 145350 ,5      ,1
 145550 ,4      ,1
 145550 ,5      ,0
 145700 ,3      ,1
 145700 ,4      ,0
 145850 ,2      ,1
 145850 ,3      ,0
 146050 ,1      ,1
 146050 ,2      ,0
 146200 ,1      ,0
 146200 ,2      ,1
 146350 ,2      ,0
 146350 ,3      ,1
 146550 ,3      ,0
 146550 ,4      ,1
 146700 ,4      ,0
 146700 ,5      ,1
 146900 ,5      ,0
 146900 ,7      ,1
 147200 ,5      ,1
 147400 ,4      ,1
 147400 ,5      ,0
 147550 ,3      ,1
 147550 ,4      ,0
 147700 ,2      ,1
 147700 ,3      ,0
 147900 ,1      ,1
 147900 ,2      ,0
 148050 ,1      ,0
 148050 ,2      ,1
 148200 ,2      ,0
 148200 ,3      ,1
 148400 ,3      ,0
 148400 ,4      ,1
 148550 ,4      ,0
 148550 ,5      ,1
 148750 ,5      ,0
 148750 ,8      ,1
 149050 ,7      ,0
 149050 ,8      ,0
 149200 ,3      ,1
 149350 ,3      ,0
 149500 ,3      ,1
 149650 ,3      ,0
 149850 ,3      ,1
 150000 ,3      ,0
 150150 ,7      ,1
 150450 ,6      ,1
 150800 ,8      ,1
 151050 ,3      ,1
 151050 ,6      ,0
 151050 ,7      ,0
 151050 ,8      ,0
 151250 ,3      ,0
 151400 ,3      ,1
 151600 ,3      ,0
 151750 ,3      ,1
 151950 ,3      ,0
 152150 ,8      ,1
 153000 ,6      ,1
 153000 ,8      ,0
 154050 ,6      ,0
 154050 ,7      ,1
 155000 ,7      ,0
 155000 ,8      ,1
 155950 ,8      ,0
 156950 ,2      ,1
 157300 ,4      ,1
 157500 ,1      ,1
 157600 ,3      ,1
 157750 ,5      ,1
 157900 ,6      ,1
 158150 ,6      ,0
 158200 ,8      ,1
 158350 ,8      ,0
 158500 ,8      ,1
 158650 ,6      ,1
 158650 ,8      ,0
 158850 ,6      ,0
 158850 ,8      ,1
 159200 ,3      ,0
 159200 ,8      ,0
 159300 ,6      ,1
 159450 ,5      ,0
 159450 ,6      ,0
 159650 ,2      ,0
 159800 ,4      ,0
 159900 ,1      ,0
 160100 ,6      ,1
 160300 ,7      ,1
 160450 ,6      ,0
 160700 ,7      ,0
 160800 ,5      ,1
 162700 ,4      ,1
 164650 ,3      ,1
 165700 ,2      ,1
 166600 ,1      ,1
 168250 ,1      ,0
 168300 ,2      ,0
 168350 ,3      ,0
 168400 ,4      ,0
 168450 ,5      ,0
 168600 ,5      ,1
 168650 ,4      ,1
 168700 ,3      ,1
 168750 ,2      ,1
 168800 ,1      ,1
 168850 ,7      ,1
 168900 ,6      ,1
 168950 ,8      ,1
 169300 ,1      ,0
 169300 ,2      ,0
 169300 ,3      ,0
 169300 ,4      ,0
 169300 ,5      ,0
 169300 ,6      ,0
 169300 ,7      ,0
 169300 ,8      ,0
 169500 ,5      ,1
 169550 ,4      ,1
 169600 ,3      ,1
 169650 ,2      ,1
 169700 ,1      ,1
 169750 ,6      ,1
 169800 ,8      ,1
 169850 ,7      ,1
 170100 ,1      ,0
 170100 ,2      ,0
 170100 ,3      ,0
 170100 ,4      ,0
 170100 ,5      ,0
 170100 ,6      ,0
 170100 ,7      ,0
 170100 ,8      ,0
 170450 ,5      ,1
 170500 ,4      ,1
 170550 ,3      ,1
 170600 ,2      ,1
 170650 ,1      ,1
 170700 ,6      ,1
 170750 ,8      ,1
 170800 ,7      ,1
 171200 ,1      ,0
 171200 ,2      ,0
 171200 ,3      ,0
 171200 ,4      ,0
 171200 ,5      ,0
 171200 ,6      ,0
 171200 ,7      ,0
 171200 ,8      ,0
 171400 ,5      ,1
 171450 ,4      ,1
 171500 ,3      ,1
 171550 ,2      ,1
 171600 ,1      ,1
 171650 ,6      ,1
 171700 ,7      ,1
 171750 ,8      ,1
 172050 ,1      ,0
 172050 ,2      ,0
 172050 ,3      ,0
 172050 ,4      ,0
 172050 ,5      ,0
 172050 ,6      ,0
 172050 ,7      ,0
 172050 ,8      ,0
 172350 ,5      ,1
 172400 ,4      ,1
 172450 ,3      ,1
 172500 ,2      ,1
 172550 ,1      ,1
 172600 ,8      ,1
 172650 ,7      ,1
 172700 ,6      ,1
 173000 ,1      ,0
 173000 ,2      ,0
 173000 ,3      ,0
 173000 ,4      ,0
 173000 ,5      ,0
 173000 ,6      ,0
 173000 ,7      ,0
 173000 ,8      ,0
 173250 ,5      ,1
 173300 ,4      ,1
 173350 ,3      ,1
 173400 ,2      ,1
 173450 ,1      ,1
 173500 ,8      ,1
 173550 ,6      ,1
 173600 ,7      ,1
 173850 ,1      ,0
 173850 ,2      ,0
 173850 ,3      ,0
 173850 ,4      ,0
 173850 ,5      ,0
 173850 ,6      ,0
 173850 ,7      ,0
 173850 ,8      ,0
 174250 ,5      ,1
 174300 ,4      ,1
 174350 ,3      ,1
 174400 ,2      ,1
 174450 ,1      ,1
 174500 ,7      ,1
 174550 ,8      ,1
 174600 ,6      ,1
 175050 ,1      ,0
 175050 ,2      ,0
 175050 ,3      ,0
 175050 ,4      ,0
 175050 ,5      ,0
 175050 ,6      ,0
 175050 ,7      ,0
 175050 ,8      ,0
 175200 ,5      ,1
 175250 ,4      ,1
 175300 ,3      ,1
 175350 ,2      ,1
 175400 ,1      ,1
 175450 ,8      ,1
 175500 ,7      ,1
 175550 ,6      ,1
 175900 ,1      ,0
 175900 ,2      ,0
 175900 ,3      ,0
 175900 ,4      ,0
 175900 ,5      ,0
 175900 ,6      ,0
 175900 ,7      ,0
 175900 ,8      ,0
 176200 ,1      ,1
 176300 ,1      ,0
 176300 ,2      ,1
 176400 ,2      ,0
 176400 ,3      ,1
 176500 ,3      ,0
 176500 ,4      ,1
 176600 ,4      ,0
 176600 ,5      ,1
 176700 ,4      ,1
 176700 ,5      ,0
 176800 ,3      ,1
 176800 ,4      ,0
 176900 ,2      ,1
 176900 ,3      ,0
 177000 ,1      ,1
 177000 ,2      ,0
 177100 ,1      ,0
 177100 ,6      ,1
 177200 ,1      ,1
 177300 ,1      ,0
 177300 ,2      ,1
 177400 ,2      ,0
 177400 ,3      ,1
 177500 ,3      ,0
 177500 ,4      ,1
 177600 ,4      ,0
 177600 ,5      ,1
 177700 ,4      ,1
 177700 ,5      ,0
 177800 ,3      ,1
 177800 ,4      ,0
 177900 ,2      ,1
 177900 ,3      ,0
 178000 ,1      ,1
 178000 ,2      ,0
 178100 ,1      ,0
 178200 ,1      ,1
 178200 ,7      ,1
 178300 ,1      ,0
 178300 ,2      ,1
 178400 ,2      ,0
 178400 ,3      ,1
 178500 ,3      ,0
 178500 ,4      ,1
 178600 ,4      ,0
 178600 ,5      ,1
 178700 ,4      ,1
 178700 ,5      ,0
 178800 ,3      ,1
 178800 ,4      ,0
 178900 ,2      ,1
 178900 ,3      ,0
 179000 ,1      ,1
 179000 ,2      ,0
 179100 ,1      ,0
 179100 ,2      ,1
 179100 ,8      ,1
 179200 ,2      ,0
 179200 ,3      ,1
 179300 ,3      ,0
 179300 ,4      ,1
 179400 ,4      ,0
 179400 ,5      ,1
 179500 ,4      ,1
 179500 ,5      ,0
 179600 ,3      ,1
 179600 ,4      ,0
 179700 ,2      ,1
 179700 ,3      ,0
 179800 ,1      ,1
 179800 ,2      ,0
 179900 ,1      ,0
 179900 ,2      ,1
 180000 ,2      ,0
 180000 ,3      ,1
 180100 ,3      ,0
 180100 ,4      ,1
 180100 ,8      ,0
 180200 ,4      ,0
 180200 ,5      ,1
 180300 ,4      ,1
 180300 ,5      ,0
 180400 ,3      ,1
 180400 ,4      ,0
 180650 ,2      ,1
 180650 ,3      ,0
 180650 ,4      ,1
 180750 ,2      ,0
 180750 ,4      ,0
 180850 ,1      ,1
 180850 ,5      ,1
 180950 ,1      ,0
 180950 ,3      ,1
 180950 ,5      ,0
 181050 ,2      ,1
 181050 ,3      ,0
 181050 ,4      ,1
 181150 ,2      ,0
 181150 ,4      ,0
 181250 ,1      ,1
 181250 ,5      ,1
 181350 ,1      ,0
 181350 ,3      ,1
 181350 ,5      ,0
 181450 ,2      ,1
 181450 ,3      ,0
 181450 ,4      ,1
 181550 ,1      ,1
 181550 ,2      ,0
 181550 ,4      ,0
 181650 ,5      ,1
 181750 ,1      ,0
 181750 ,3      ,1
 181750 ,5      ,0
 181850 ,2      ,1
 181850 ,3      ,0
 181850 ,4      ,1
 181950 ,2      ,0
 181950 ,4      ,0
 182050 ,1      ,1
 182050 ,5      ,1
 182150 ,1      ,0
 182150 ,3      ,1
 182150 ,5      ,0
 182250 ,2      ,1
 182250 ,3      ,0
 182250 ,4      ,1
 182350 ,2      ,0
 182350 ,4      ,0
 182450 ,1      ,1
 182450 ,5      ,1
 182550 ,1      ,0
 182550 ,3      ,1
 182550 ,5      ,0
 182650 ,2      ,1
 182650 ,3      ,0
 182650 ,4      ,1
 182750 ,2      ,0
 182750 ,4      ,0
 182850 ,1      ,1
 182850 ,5      ,1
 182950 ,1      ,0
 182950 ,3      ,1
 182950 ,5      ,0
 183050 ,2      ,1
 183050 ,3      ,0
 183050 ,4      ,1
 183150 ,2      ,0
 183150 ,4      ,0
 183250 ,1      ,1
 183250 ,5      ,1
 183350 ,1      ,0
 183350 ,3      ,1
 183350 ,5      ,0
 183450 ,2      ,1
 183450 ,3      ,0
 183450 ,4      ,1
 183550 ,2      ,0
 183550 ,4      ,0
 183650 ,1      ,1
 183650 ,5      ,1
 183750 ,1      ,0
 183750 ,5      ,0
 184850 ,1      ,1
 184850 ,2      ,1
 184850 ,3      ,1
 184850 ,4      ,1
 184850 ,5      ,1
 185150 ,1      ,0
 185150 ,2      ,0
 185150 ,3      ,0
 185150 ,4      ,0
 185150 ,5      ,0
 185850 ,1      ,1
 185850 ,2      ,1
 185850 ,3      ,1
 185850 ,4      ,1
 185850 ,5      ,1
 185850 ,7      ,0
 186150 ,1      ,0
 186150 ,2      ,0
 186150 ,3      ,0
 186150 ,4      ,0
 186150 ,5      ,0
 186750 ,1      ,1
 186750 ,2      ,1
 186750 ,3      ,1
 186750 ,4      ,1
 186750 ,5      ,1
 186800 ,6      ,0
 186800 ,8      ,1
 187050 ,1      ,0
 187050 ,2      ,0
 187050 ,3      ,0
 187050 ,4      ,0
 187050 ,5      ,0
 187850 ,1      ,1
 187850 ,2      ,1
 187850 ,5      ,1
 187850 ,6      ,1
 187850 ,7      ,1
 187950 ,1      ,0
 187950 ,3      ,1
 188050 ,4      ,1
 188050 ,5      ,0
 188150 ,1      ,1
 188150 ,3      ,0
 188250 ,2      ,0
 188250 ,5      ,1
 188350 ,3      ,1
 188350 ,4      ,0
 188450 ,1      ,0
 188450 ,2      ,1
 188550 ,3      ,0
 188550 ,4      ,1
 188750 ,2      ,0
 188750 ,3      ,1
 188850 ,1      ,1
 188850 ,4      ,0
 188950 ,2      ,1
 188950 ,5      ,0
 189050 ,3      ,0
 189050 ,4      ,1
 189150 ,2      ,0
 189150 ,5      ,1
 189250 ,1      ,0
 189250 ,3      ,1
 189350 ,2      ,1
 189350 ,4      ,0
 189450 ,1      ,1
 189450 ,5      ,0
 189550 ,3      ,0
 189550 ,4      ,1
 189650 ,1      ,0
 189650 ,5      ,1
 189750 ,2      ,0
 189750 ,3      ,1
 189850 ,1      ,1
 189850 ,4      ,0
 189950 ,2      ,1
 189950 ,5      ,0
 190050 ,3      ,0
 190050 ,4      ,1
 190150 ,1      ,0
 190150 ,5      ,1
 190250 ,2      ,0
 190250 ,3      ,1
 190350 ,1      ,1
 190350 ,4      ,0
 190450 ,2      ,1
 190450 ,3      ,0
 190550 ,4      ,1
 190550 ,5      ,0
 190650 ,1      ,0
 190650 ,3      ,1
 190750 ,2      ,0
 190750 ,5      ,1
 190850 ,1      ,1
 190850 ,4      ,0
 190950 ,2      ,1
 190950 ,3      ,0
 191050 ,4      ,1
 191050 ,5      ,0
 191150 ,1      ,0
 191150 ,3      ,1
 191250 ,2      ,0
 191250 ,5      ,1
 191350 ,1      ,1
 191350 ,4      ,0
 191450 ,2      ,1
 191450 ,3      ,0
 191550 ,3      ,1
 191650 ,4      ,1
 191850 ,3      ,0
 191900 ,2      ,0
 191900 ,4      ,0
 191950 ,1      ,0
 191950 ,5      ,0
 192250 ,7      ,0
 192850 ,6      ,0
 193350 ,8      ,0
 205550 ,1      ,0
 205550 ,2      ,0
 205550 ,3      ,0
 205550 ,4      ,0
 205550 ,5      ,0
 205550 ,6      ,0
 205550 ,7      ,0
 205550 ,8      ,0
