TIME(MS),COMMAND,VALUE
 000900 ,1      ,1
 000900 ,3      ,1
 000900 ,5      ,1
 000900 ,6      ,1
 002600 ,1      ,0
 002600 ,2      ,1
 002600 ,3      ,0
 002600 ,4      ,1
 002600 ,5      ,0
 004050 ,1      ,1
 004050 ,2      ,0
 004050 ,3      ,1
 004050 ,4      ,0
 004050 ,5      ,1
 004800 ,1      ,0
 004800 ,2      ,1
 004800 ,3      ,0
 004800 ,4      ,1
 004800 ,5      ,0
 005450 ,2      ,0
 005450 ,4      ,0
 005600 ,1      ,1
 005650 ,1      ,0
 005650 ,2      ,1
 005700 ,2      ,0
 005700 ,3      ,1
 005750 ,3      ,0
 005750 ,4      ,1
 005800 ,4      ,0
 005800 ,5      ,1
 005850 ,5      ,0
 005900 ,1      ,1
 005950 ,1      ,0
 005950 ,2      ,1
 006000 ,2      ,0
 006000 ,3      ,1
 006050 ,3      ,0
 006050 ,4      ,1
 006100 ,4      ,0
 006100 ,5      ,1
 006150 ,5      ,0
 006200 ,1      ,1
 006250 ,1      ,0
 006250 ,2      ,1
 006300 ,2      ,0
 006300 ,3      ,1
 006350 ,3      ,0
 006350 ,4      ,1
 006400 ,4      ,0
 006400 ,5      ,1
 006450 ,5      ,0
 006450 ,6      ,0
 006700 ,1      ,1
 006700 ,2      ,1
 006700 ,3      ,1
 006700 ,4      ,1
 006700 ,5      ,1
 007100 ,1      ,0
 007100 ,2      ,0
 007100 ,3      ,0
 007100 ,4      ,0
 007100 ,5      ,0
 007100 ,6      ,1
 007700 ,3      ,1
 007850 ,2      ,1
 007850 ,4      ,1
 008250 ,1      ,1
 008250 ,5      ,1
 008600 ,1      ,0
 008600 ,2      ,0
 008600 ,3      ,0
 008600 ,4      ,0
 008600 ,5      ,0
 008950 ,6      ,0
 009200 ,6      ,1
 009550 ,1      ,1
 009550 ,2      ,1
 009550 ,3      ,1
 009550 ,4      ,1
 009550 ,5      ,1
 009750 ,1      ,0
 009950 ,2      ,0
 010150 ,3      ,0
 010700 ,3      ,1
 010850 ,2      ,1
 011300 ,2      ,0
 011650 ,3      ,0
 011650 ,4      ,0
 012050 ,3      ,1
 012400 ,1      ,1
 012400 ,3      ,0
 012750 ,1      ,0
 012750 ,5      ,0
 013100 ,2      ,1
 013100 ,6      ,0
 013750 ,2      ,0
 013750 ,3      ,1
 013950 ,2      ,1
 013950 ,3      ,0
 014700 ,1      ,1
 014700 ,2      ,0
 015300 ,1      ,0
 015300 ,2      ,1
 015500 ,1      ,1
 015500 ,2      ,0
 016250 ,1      ,0
 016250 ,3      ,1
 016250 ,4      ,1
 016250 ,5      ,1
 016250 ,6      ,1
 017000 ,1      ,1
 017000 ,2      ,1
 017000 ,4      ,0
 017000 ,5      ,0
 017700 ,1      ,0
 017700 ,2      ,0
 017700 ,3      ,0
 017700 ,6      ,0
 017800 ,3      ,1
 017800 ,5      ,1
 018200 ,2      ,1
 018200 ,3      ,0
 018200 ,4      ,1
 018200 ,5      ,0
 018550 ,1      ,1
 018550 ,2      ,0
 018550 ,3      ,1
 018550 ,4      ,0
 019000 ,1      ,0
 019000 ,3      ,0
 019400 ,1      ,1
 019400 ,2      ,1
 019400 ,3      ,1
 019400 ,4      ,1
 019400 ,5      ,1
 020150 ,3      ,0
 020500 ,2      ,0
 020500 ,4      ,0
 020900 ,1      ,0
 020900 ,2      ,1
 020900 ,4      ,1
 020900 ,5      ,0
 020900 ,6      ,1
 021300 ,2      ,0
 021300 ,3      ,1
 021300 ,4      ,0
 021650 ,2      ,1
 021650 ,3      ,0
 021650 ,4      ,1
 022050 ,2      ,0
 022050 ,4      ,0
 022050 ,6      ,0
 022450 ,1      ,1
 022450 ,3      ,1
 022450 ,5      ,1
 023050 ,1      ,0
 023050 ,2      ,1
 023050 ,3      ,0
 023050 ,4      ,1
 023050 ,5      ,0
 023300 ,1      ,1
 023300 ,3      ,1
 023300 ,5      ,1
 023650 ,1      ,0
 023650 ,2      ,0
 023650 ,3      ,0
 023650 ,4      ,0
 023650 ,5      ,0
 024000 ,6      ,1
 025400 ,6      ,0
 025550 ,3      ,1
 026150 ,2      ,1
 026150 ,3      ,0
 026150 ,4      ,1
 026350 ,1      ,1
 026350 ,2      ,0
 026350 ,4      ,0
 026350 ,5      ,1
 026750 ,1      ,0
 026750 ,2      ,1
 026750 ,4      ,1
 026750 ,5      ,0
 027100 ,2      ,0
 027100 ,3      ,1
 027100 ,4      ,0
 027700 ,3      ,0
 027700 ,6      ,1
 027900 ,5      ,1
 027900 ,6      ,0
 028000 ,4      ,1
 028000 ,5      ,0
 028050 ,3      ,1
 028050 ,4      ,0
 028100 ,2      ,1
 028100 ,3      ,0
 028150 ,1      ,1
 028150 ,2      ,0
 028250 ,3      ,1
 028250 ,5      ,1
 028450 ,1      ,0
 028450 ,3      ,0
 028450 ,5      ,0
 028450 ,6      ,1
 028700 ,3      ,1
 028700 ,4      ,1
 028700 ,5      ,1
 028850 ,1      ,1
 028850 ,2      ,1
 028850 ,4      ,0
 028850 ,5      ,0
 029200 ,1      ,0
 029200 ,2      ,0
 029200 ,3      ,0
 029200 ,5      ,1
 029200 ,6      ,0
 029450 ,1      ,1
 029450 ,2      ,1
 029450 ,5      ,0
 029850 ,1      ,0
 029850 ,2      ,0
 029850 ,6      ,1
 030200 ,1      ,1
 030250 ,1      ,0
 030250 ,2      ,1
 030300 ,2      ,0
 030300 ,3      ,1
 030350 ,3      ,0
 030350 ,4      ,1
 030400 ,4      ,0
 030400 ,5      ,1
 030450 ,1      ,1
 030450 ,5      ,0
 030500 ,1      ,0
 030500 ,2      ,1
 030550 ,2      ,0
 030550 ,3      ,1
 030600 ,3      ,0
 030600 ,4      ,1
 030650 ,4      ,0
 030650 ,5      ,1
 030700 ,1      ,1
 030700 ,5      ,0
 030750 ,1      ,0
 030750 ,2      ,1
 030800 ,2      ,0
 030800 ,3      ,1
 030850 ,3      ,0
 030850 ,4      ,1
 030900 ,4      ,0
 030900 ,5      ,1
 030950 ,5      ,0
 030950 ,6      ,0
 031450 ,1      ,1
 031450 ,2      ,1
 031450 ,3      ,1
 031450 ,4      ,1
 031450 ,5      ,1
 031600 ,1      ,0
 031600 ,2      ,0
 031600 ,3      ,0
 031600 ,4      ,0
 031600 ,5      ,0
 031750 ,5      ,1
 031800 ,4      ,1
 031850 ,3      ,1
 031900 ,2      ,1
 031950 ,1      ,1
 032000 ,1      ,0
 032000 ,2      ,0
 032000 ,3      ,0
 032000 ,4      ,0
 032000 ,5      ,0
 032200 ,1      ,1
 032200 ,3      ,1
 032200 ,5      ,1
 032200 ,6      ,1
 032550 ,1      ,0
 032550 ,2      ,1
 032550 ,3      ,0
 032550 ,4      ,1
 032550 ,5      ,0
 032950 ,1      ,1
 032950 ,2      ,0
 032950 ,3      ,1
 032950 ,4      ,0
 032950 ,5      ,1
 032950 ,6      ,0
 033350 ,1      ,0
 033350 ,2      ,1
 033350 ,3      ,0
 033350 ,4      ,1
 033350 ,5      ,0
 033700 ,1      ,1
 033700 ,2      ,0
 033700 ,3      ,1
 033700 ,4      ,0
 033700 ,5      ,1
 033700 ,6      ,1
 034100 ,1      ,0
 034100 ,2      ,1
 034100 ,3      ,0
 034100 ,4      ,1
 034100 ,5      ,0
 034500 ,1      ,1
 034500 ,2      ,0
 034500 ,3      ,1
 034500 ,4      ,0
 034500 ,5      ,1
 034500 ,6      ,0
 034900 ,1      ,0
 034900 ,2      ,1
 034900 ,3      ,0
 034900 ,4      ,1
 034900 ,5      ,0
 034900 ,6      ,1
 035250 ,1      ,1
 035250 ,2      ,0
 035250 ,3      ,1
 035250 ,4      ,0
 035250 ,5      ,1
 035700 ,1      ,0
 035700 ,2      ,1
 035700 ,3      ,0
 035700 ,4      ,1
 035700 ,5      ,0
 035700 ,6      ,0
 036050 ,1      ,1
 036050 ,2      ,0
 036050 ,3      ,1
 036050 ,4      ,0
 036050 ,5      ,1
 036500 ,1      ,0
 036500 ,2      ,1
 036500 ,3      ,0
 036500 ,4      ,1
 036500 ,5      ,0
 036500 ,6      ,1
 036900 ,1      ,1
 036900 ,2      ,0
 036900 ,3      ,1
 036900 ,4      ,0
 036900 ,5      ,1
 037250 ,1      ,0
 037250 ,2      ,1
 037250 ,3      ,0
 037250 ,4      ,1
 037250 ,5      ,0
 037250 ,6      ,0
 037600 ,1      ,1
 037600 ,2      ,0
 037600 ,3      ,1
 037600 ,4      ,0
 037600 ,5      ,1
 037800 ,1      ,0
 037800 ,3      ,0
 037800 ,5      ,0
 037950 ,5      ,1
 037950 ,6      ,1
 038000 ,4      ,1
 038050 ,3      ,1
 038100 ,2      ,1
 038150 ,1      ,1
 038200 ,1      ,0
 038200 ,2      ,0
 038200 ,3      ,0
 038200 ,4      ,0
 038200 ,5      ,0
 038200 ,6      ,0
 038500 ,1      ,1
 038500 ,2      ,1
 038500 ,3      ,1
 038500 ,4      ,1
 038500 ,5      ,1
 038600 ,1      ,0
 038600 ,2      ,0
 038600 ,3      ,0
 038600 ,4      ,0
 038600 ,5      ,0
 038800 ,6      ,1
 039350 ,4      ,1
 039350 ,5      ,1
 039350 ,6      ,0
 039550 ,1      ,1
 039550 ,2      ,1
 039550 ,3      ,1
 039750 ,1      ,0
 039950 ,2      ,0
 040150 ,3      ,0
 040350 ,4      ,0
 040350 ,5      ,0
 040500 ,2      ,1
 040500 ,4      ,1
 040750 ,1      ,1
 040750 ,2      ,0
 040750 ,3      ,1
 040750 ,4      ,0
 040900 ,1      ,0
 040900 ,2      ,1
 040900 ,3      ,0
 040900 ,4      ,1
 041100 ,2      ,0
 041100 ,4      ,0
 041100 ,5      ,1
 041400 ,5      ,0
 041500 ,4      ,1
 041500 ,5      ,1
 041850 ,3      ,1
 042300 ,2      ,1
 042650 ,1      ,1
 042850 ,1      ,0
 043050 ,2      ,0
 043250 ,3      ,0
 043350 ,4      ,0
 043350 ,5      ,0
 043450 ,1      ,1
 043450 ,2      ,1
 043450 ,3      ,1
 043450 ,4      ,1
 043450 ,5      ,1
 043450 ,6      ,1
 044100 ,1      ,0
 044100 ,2      ,0
 044100 ,3      ,0
 044100 ,4      ,0
 044100 ,5      ,0
 044100 ,6      ,0
 044250 ,1      ,1
 044250 ,6      ,1
 044850 ,1      ,0
 044850 ,2      ,1
 044850 ,6      ,0
 045050 ,1      ,1
 045050 ,2      ,0
 045050 ,6      ,1
 045600 ,1      ,0
 045600 ,2      ,1
 045600 ,6      ,0
 045750 ,1      ,1
 045750 ,2      ,0
 045950 ,1      ,0
 045950 ,3      ,1
 046150 ,3      ,0
 046150 ,4      ,1
 046350 ,4      ,0
 046350 ,5      ,1
 046650 ,5      ,0
 046800 ,3      ,1
 046800 ,5      ,1
 046950 ,2      ,1
 046950 ,3      ,0
 046950 ,4      ,1
 046950 ,5      ,0
 047150 ,2      ,0
 047150 ,3      ,1
 047350 ,3      ,0
 047350 ,4      ,0
 047350 ,5      ,1
 047550 ,5      ,0
 047700 ,3      ,1
 047700 ,5      ,1
 048100 ,1      ,1
 048500 ,1      ,0
 048500 ,2      ,1
 048500 ,3      ,0
 048500 ,4      ,1
 048500 ,5      ,0
 048900 ,1      ,1
 048900 ,3      ,1
 048900 ,5      ,1
 048900 ,6      ,1
 049100 ,3      ,0
 049300 ,2      ,0
 049300 ,4      ,0
 049500 ,1      ,0
 049500 ,5      ,0
 049700 ,6      ,0
 050500 ,3      ,1
 050500 ,6      ,1
 051050 ,3      ,0
 051050 ,6      ,0
 051250 ,2      ,1
 051250 ,3      ,1
 051250 ,4      ,1
 051250 ,6      ,1
 051850 ,2      ,0
 051850 ,3      ,0
 051850 ,4      ,0
 051850 ,6      ,0
 052050 ,1      ,1
 052050 ,2      ,1
 052050 ,3      ,1
 052050 ,4      ,1
 052050 ,5      ,1
 052050 ,6      ,1
 052450 ,3      ,0
 052550 ,2      ,0
 052550 ,4      ,0
 052650 ,1      ,0
 052650 ,5      ,0
 052650 ,6      ,0
 053050 ,3      ,1
 053250 ,2      ,1
 053250 ,3      ,0
 053400 ,1      ,1
 053400 ,2      ,0
 053600 ,2      ,1
 053600 ,3      ,1
 053600 ,4      ,1
 053600 ,5      ,1
 054450 ,1      ,0
 054450 ,2      ,0
 054450 ,3      ,0
 054450 ,4      ,0
 054450 ,5      ,0
 054600 ,5      ,1
 054800 ,4      ,1
 054800 ,5      ,0
 055000 ,3      ,1
 055000 ,4      ,0
 055200 ,1      ,1
 055200 ,2      ,1
 055200 ,4      ,1
 055200 ,5      ,1
 055200 ,6      ,1
 056200 ,1      ,0
 056200 ,2      ,0
 056200 ,3      ,0
 056200 ,4      ,0
 056200 ,5      ,0
 056200 ,6      ,0
 056350 ,1      ,1
 056350 ,5      ,1
 056550 ,1      ,0
 056550 ,5      ,0
 056700 ,1      ,1
 056700 ,5      ,1
 057200 ,1      ,0
 057200 ,5      ,0
 057350 ,2      ,1
 057350 ,4      ,1
 057500 ,2      ,0
 057500 ,4      ,0
 057600 ,1      ,1
 057600 ,5      ,1
 058100 ,1      ,0
 058100 ,5      ,0
 058200 ,3      ,1
 058400 ,1      ,1
 058400 ,3      ,0
 058600 ,1      ,0
 058600 ,2      ,1
 058750 ,2      ,0
 058750 ,4      ,1
 058950 ,4      ,0
 058950 ,6      ,1
 059350 ,5      ,1
 059350 ,6      ,0
 059550 ,4      ,1
 059550 ,5      ,0
 059750 ,3      ,1
 059750 ,4      ,0
 059900 ,3      ,0
 059900 ,5      ,1
 060100 ,3      ,1
 060100 ,5      ,0
 060550 ,3      ,0
 060550 ,5      ,1
 060750 ,2      ,1
 060750 ,4      ,1
 060750 ,5      ,0
 061100 ,1      ,1
 061100 ,2      ,0
 061100 ,3      ,1
 061100 ,4      ,0
 061100 ,5      ,1
 061500 ,3      ,0
 061500 ,5      ,0
 061500 ,6      ,1
 061550 ,1      ,0
 061550 ,2      ,1
 061600 ,2      ,0
 061600 ,3      ,1
 061650 ,3      ,0
 061650 ,4      ,1
 061700 ,4      ,0
 061700 ,5      ,1
 061750 ,1      ,1
 061750 ,5      ,0
 061800 ,1      ,0
 061800 ,2      ,1
 061850 ,2      ,0
 061850 ,3      ,1
 061900 ,3      ,0
 061900 ,4      ,1
 061950 ,4      ,0
 061950 ,5      ,1
 062000 ,1      ,1
 062000 ,5      ,0
 062050 ,1      ,0
 062050 ,2      ,1
 062100 ,2      ,0
 062100 ,3      ,1
 062150 ,3      ,0
 062150 ,4      ,1
 062200 ,4      ,0
 062200 ,5      ,1
 062250 ,5      ,0
 062250 ,6      ,0
 062650 ,1      ,1
 062650 ,2      ,1
 062650 ,3      ,1
 062650 ,4      ,1
 062650 ,5      ,1
 062650 ,6      ,1
 064250 ,1      ,0
 064250 ,2      ,0
 064250 ,3      ,0
 064250 ,4      ,0
 064250 ,5      ,0
 064250 ,6      ,0
 065500 ,1      ,0
 065500 ,2      ,0
 065500 ,3      ,0
 065500 ,4      ,0
 065500 ,5      ,0
 065500 ,6      ,0
 065500 ,7      ,0
 065500 ,END    ,1
