TIME(MS),COMMAND,VALUE
 001050 ,8      ,1
 001450 ,8      ,0
 001850 ,7      ,1
 002250 ,7      ,0
 002650 ,8      ,1
 003050 ,8      ,0
 003550 ,6      ,1
 003800 ,6      ,0
 004400 ,8      ,1
 004800 ,8      ,0
 005300 ,7      ,1
 005700 ,7      ,0
 006100 ,8      ,1
 006500 ,8      ,0
 006900 ,6      ,1
 007050 ,6      ,0
 007400 ,7      ,1
 007500 ,7      ,0
 007800 ,6      ,1
 007950 ,6      ,0
 008250 ,8      ,1
 008350 ,8      ,0
 008650 ,6      ,1
 008800 ,6      ,0
 009050 ,7      ,1
 009150 ,7      ,0
 009500 ,6      ,1
 009650 ,6      ,0
 009900 ,8      ,1
 010000 ,8      ,0
 010350 ,6      ,1
 010500 ,6      ,0
 010750 ,7      ,1
 010850 ,7      ,0
 011250 ,6      ,1
 011400 ,6      ,0
 011650 ,8      ,1
 011750 ,8      ,0
 012150 ,6      ,1
 012300 ,6      ,0
 012550 ,7      ,1
 012650 ,7      ,0
 012950 ,6      ,1
 013100 ,6      ,0
 013350 ,8      ,1
 013450 ,8      ,0
 013600 ,7      ,1
 013700 ,7      ,0
 014250 ,5      ,1
 014400 ,4      ,1
 014650 ,3      ,1
 014650 ,8      ,1
 015050 ,2      ,1
 015050 ,8      ,0
 015450 ,1      ,1
 015450 ,7      ,1
 015850 ,1      ,0
 015850 ,7      ,0
 016250 ,1      ,1
 016300 ,8      ,1
 016550 ,1      ,0
 016700 ,2      ,0
 016700 ,8      ,0
 017150 ,3      ,0
 017150 ,4      ,0
 017150 ,5      ,0
 017650 ,5      ,1
 017800 ,4      ,1
 018050 ,3      ,1
 018050 ,8      ,1
 018250 ,2      ,1
 018450 ,8      ,0
 018900 ,1      ,1
 018900 ,7      ,1
 019300 ,7      ,0
 019600 ,1      ,0
 019800 ,2      ,0
 019800 ,8      ,1
 019900 ,3      ,0
 020050 ,4      ,0
 020200 ,5      ,0
 020200 ,8      ,0
 021500 ,5      ,1
 021900 ,4      ,1
 022350 ,3      ,1
 022350 ,8      ,1
 022550 ,7      ,1
 022550 ,8      ,0
 022750 ,7      ,0
 022750 ,8      ,1
 022950 ,7      ,1
 022950 ,8      ,0
 023150 ,2      ,1
 023150 ,7      ,0
 023400 ,1      ,1
 023700 ,1      ,0
 024000 ,2      ,0
 024000 ,8      ,1
 024200 ,7      ,1
 024200 ,8      ,0
 024450 ,7      ,0
 024450 ,8      ,1
 024650 ,8      ,0
 024700 ,7      ,1
 024900 ,3      ,0
 024900 ,4      ,0
 024900 ,5      ,0
 024900 ,7      ,0
 025250 ,5      ,1
 025400 ,4      ,1
 025800 ,3      ,1
 026000 ,2      ,1
 026250 ,1      ,1
 026250 ,8      ,1
 026350 ,1      ,0
 026450 ,2      ,0
 026450 ,7      ,1
 026450 ,8      ,0
 026550 ,3      ,0
 026650 ,4      ,0
 026650 ,6      ,1
 026650 ,7      ,0
 026700 ,5      ,0
 026900 ,6      ,0
 027900 ,5      ,1
 028050 ,4      ,1
 028300 ,3      ,1
 028300 ,8      ,1
 028700 ,2      ,1
 028700 ,8      ,0
 029100 ,1      ,1
 029100 ,7      ,1
 029500 ,1      ,0
 029500 ,7      ,0
 029900 ,1      ,1
 029950 ,8      ,1
 030200 ,1      ,0
 030350 ,2      ,0
 030350 ,8      ,0
 030800 ,3      ,0
 030800 ,4      ,0
 030800 ,5      ,0
 031300 ,5      ,1
 031450 ,4      ,1
 031700 ,3      ,1
 031700 ,8      ,1
 031900 ,2      ,1
 032100 ,8      ,0
 032550 ,1      ,1
 032550 ,7      ,1
 032950 ,7      ,0
 033250 ,1      ,0
 033450 ,2      ,0
 033450 ,8      ,1
 033850 ,3      ,0
 033850 ,4      ,0
 033850 ,5      ,0
 033850 ,8      ,0
 034300 ,6      ,1
 034550 ,6      ,0
 035150 ,5      ,1
 035550 ,4      ,1
 036000 ,3      ,1
 036000 ,8      ,1
 036200 ,7      ,1
 036200 ,8      ,0
 036400 ,7      ,0
 036400 ,8      ,1
 036600 ,7      ,1
 036600 ,8      ,0
 036800 ,2      ,1
 036800 ,7      ,0
 037050 ,1      ,1
 037350 ,1      ,0
 037650 ,2      ,0
 037650 ,8      ,1
 037800 ,3      ,0
 037850 ,7      ,1
 037850 ,8      ,0
 037900 ,4      ,0
 038000 ,5      ,0
 038050 ,7      ,0
 038050 ,8      ,1
 038250 ,7      ,1
 038250 ,8      ,0
 038450 ,5      ,1
 038450 ,7      ,0
 038700 ,4      ,1
 039100 ,3      ,1
 039400 ,2      ,1
 039700 ,1      ,1
 040250 ,1      ,0
 040250 ,2      ,0
 040250 ,3      ,0
 040250 ,4      ,0
 040250 ,5      ,0
 040250 ,6      ,1
 040450 ,6      ,0
 041150 ,6      ,1
 041400 ,6      ,0
 042000 ,5      ,1
 042150 ,4      ,1
 042150 ,5      ,0
 042350 ,3      ,1
 042350 ,4      ,0
 042550 ,2      ,1
 042550 ,3      ,0
 042750 ,1      ,1
 042750 ,3      ,1
 042750 ,4      ,1
 042750 ,5      ,1
 042750 ,6      ,1
 042750 ,7      ,1
 042850 ,8      ,1
 042900 ,7      ,0
 043000 ,1      ,0
 043000 ,3      ,0
 043000 ,4      ,0
 043000 ,5      ,0
 043000 ,6      ,0
 043000 ,8      ,0
 043200 ,2      ,0
 043200 ,3      ,1
 043500 ,3      ,0
 043500 ,4      ,1
 043650 ,4      ,0
 043650 ,5      ,1
 044100 ,4      ,1
 044550 ,3      ,1
 044600 ,8      ,1
 044750 ,3      ,0
 044800 ,7      ,1
 044800 ,8      ,0
 044850 ,4      ,0
 045000 ,5      ,0
 045000 ,7      ,0
 045400 ,1      ,1
 045400 ,2      ,1
 045400 ,3      ,1
 045400 ,4      ,1
 045400 ,5      ,1
 045900 ,1      ,0
 046250 ,2      ,0
 046700 ,3      ,0
 047100 ,4      ,0
 047100 ,6      ,1
 047300 ,4      ,1
 047300 ,5      ,0
 047300 ,6      ,0
 047300 ,7      ,1
 047450 ,3      ,1
 047450 ,4      ,0
 047450 ,7      ,0
 047450 ,8      ,1
 047650 ,2      ,1
 047650 ,3      ,0
 047650 ,7      ,1
 047650 ,8      ,0
 047850 ,1      ,1
 047850 ,2      ,0
 047850 ,6      ,1
 047850 ,7      ,0
 048000 ,1      ,0
 048000 ,6      ,0
 048900 ,5      ,1
 048900 ,8      ,1
 049050 ,4      ,1
 049050 ,5      ,0
 049050 ,8      ,0
 049150 ,8      ,1
 049250 ,3      ,1
 049250 ,4      ,0
 049300 ,8      ,0
 049400 ,8      ,1
 049450 ,2      ,1
 049450 ,3      ,0
 049550 ,8      ,0
 049650 ,1      ,1
 049650 ,2      ,0
 049650 ,8      ,1
 049750 ,7      ,1
 049750 ,8      ,0
 049850 ,1      ,0
 049850 ,2      ,1
 049900 ,7      ,0
 050000 ,7      ,1
 050050 ,2      ,0
 050050 ,3      ,1
 050150 ,7      ,0
 050250 ,3      ,0
 050250 ,4      ,1
 050250 ,7      ,1
 050400 ,7      ,0
 050450 ,4      ,0
 050450 ,5      ,1
 050500 ,1      ,1
 050500 ,2      ,1
 050500 ,3      ,1
 050500 ,4      ,1
 050750 ,1      ,0
 050750 ,2      ,0
 050750 ,3      ,0
 050750 ,4      ,0
 050750 ,5      ,0
 051000 ,1      ,1
 051000 ,2      ,1
 051000 ,3      ,1
 051000 ,4      ,1
 051000 ,5      ,1
 051250 ,1      ,0
 051250 ,2      ,0
 051250 ,3      ,0
 051250 ,4      ,0
 051250 ,5      ,0
 051450 ,1      ,1
 051450 ,2      ,1
 051450 ,3      ,1
 051450 ,4      ,1
 051450 ,5      ,1
 051700 ,1      ,0
 051700 ,2      ,0
 051700 ,3      ,0
 051700 ,4      ,0
 051700 ,5      ,0
 052300 ,1      ,1
 052300 ,2      ,1
 052300 ,3      ,1
 052300 ,4      ,1
 052300 ,5      ,1
 052450 ,1      ,0
 052650 ,2      ,0
 052850 ,3      ,0
 053050 ,4      ,0
 053200 ,5      ,0
 053400 ,1      ,1
 053400 ,2      ,1
 053400 ,3      ,1
 053400 ,4      ,1
 053400 ,5      ,1
 053400 ,6      ,1
 053600 ,1      ,0
 053600 ,2      ,0
 053600 ,3      ,0
 053600 ,4      ,0
 053600 ,5      ,0
 053600 ,6      ,0
 053850 ,1      ,1
 053850 ,2      ,1
 053850 ,3      ,1
 053850 ,4      ,1
 053850 ,5      ,1
 053850 ,7      ,1
 053950 ,1      ,0
 053950 ,2      ,0
 053950 ,3      ,0
 053950 ,4      ,0
 053950 ,5      ,0
 053950 ,7      ,0
 054050 ,1      ,1
 054050 ,2      ,1
 054050 ,3      ,1
 054050 ,4      ,1
 054050 ,5      ,1
 054050 ,8      ,1
 054200 ,1      ,0
 054250 ,7      ,1
 054250 ,8      ,0
 054400 ,2      ,0
 054450 ,7      ,0
 054450 ,8      ,1
 054650 ,3      ,0
 054650 ,7      ,1
 054650 ,8      ,0
 054850 ,4      ,0
 054850 ,7      ,0
 054850 ,8      ,1
 055000 ,5      ,0
 055000 ,8      ,0
 055200 ,5      ,1
 055550 ,4      ,1
 055800 ,3      ,1
 055850 ,8      ,1
 056200 ,2      ,1
 056250 ,8      ,0
 056600 ,1      ,1
 056600 ,7      ,1
 057000 ,1      ,0
 057000 ,7      ,0
 057400 ,1      ,1
 057500 ,8      ,1
 057700 ,1      ,0
 057850 ,2      ,0
 057900 ,8      ,0
 058300 ,3      ,0
 058300 ,4      ,0
 058300 ,5      ,0
 058800 ,5      ,1
 058950 ,4      ,1
 059200 ,3      ,1
 059250 ,8      ,1
 059400 ,2      ,1
 059650 ,8      ,0
 060050 ,1      ,1
 060100 ,7      ,1
 060500 ,7      ,0
 060750 ,1      ,0
 060950 ,2      ,0
 060950 ,8      ,1
 061050 ,3      ,0
 061200 ,4      ,0
 061350 ,5      ,0
 061350 ,8      ,0
 062650 ,5      ,1
 062650 ,6      ,1
 063050 ,4      ,1
 063050 ,6      ,0
 063050 ,7      ,1
 063500 ,3      ,1
 063500 ,7      ,0
 063500 ,8      ,1
 063650 ,2      ,1
 063900 ,2      ,0
 063900 ,6      ,1
 063900 ,8      ,0
 064100 ,2      ,1
 064300 ,1      ,1
 064300 ,6      ,0
 064300 ,7      ,1
 064750 ,7      ,0
 064750 ,8      ,1
 064800 ,1      ,0
 065150 ,2      ,0
 065200 ,6      ,1
 065200 ,8      ,0
 065600 ,6      ,0
 065600 ,7      ,1
 065700 ,3      ,0
 066050 ,4      ,0
 066050 ,7      ,0
 066050 ,8      ,1
 066350 ,4      ,1
 066500 ,6      ,1
 066500 ,8      ,0
 066900 ,6      ,0
 066900 ,7      ,1
 066950 ,3      ,1
 067150 ,2      ,1
 067400 ,1      ,1
 067400 ,7      ,0
 067400 ,8      ,1
 067500 ,1      ,0
 067650 ,2      ,0
 067650 ,7      ,1
 067650 ,8      ,0
 067850 ,3      ,0
 067850 ,6      ,1
 067850 ,7      ,0
 068050 ,4      ,0
 068050 ,6      ,0
 068050 ,7      ,1
 068200 ,7      ,0
 068200 ,8      ,1
 068350 ,5      ,0
 068350 ,8      ,0
 069050 ,5      ,1
 069400 ,4      ,1
 069600 ,8      ,1
 069650 ,3      ,1
 069950 ,2      ,1
 070400 ,1      ,1
 070450 ,7      ,1
 070450 ,8      ,0
 071000 ,1      ,0
 071000 ,7      ,0
 071350 ,1      ,1
 071350 ,8      ,1
 071750 ,1      ,0
 071750 ,7      ,1
 071750 ,8      ,0
 071900 ,2      ,0
 072000 ,3      ,0
 072150 ,4      ,0
 072250 ,5      ,0
 072250 ,7      ,0
 072600 ,5      ,1
 072750 ,4      ,1
 073000 ,3      ,1
 073100 ,8      ,1
 073200 ,2      ,1
 073500 ,8      ,0
 073550 ,1      ,1
 073700 ,1      ,0
 073850 ,1      ,1
 073900 ,7      ,1
 074250 ,1      ,0
 074300 ,7      ,0
 074750 ,2      ,0
 074750 ,8      ,1
 075150 ,3      ,0
 075150 ,4      ,0
 075150 ,5      ,0
 075150 ,8      ,0
 075650 ,6      ,1
 075900 ,6      ,0
 076050 ,5      ,1
 076050 ,8      ,1
 076250 ,4      ,1
 076250 ,5      ,0
 076250 ,8      ,0
 076500 ,3      ,1
 076500 ,4      ,0
 076500 ,7      ,1
 076700 ,2      ,1
 076700 ,3      ,0
 076700 ,7      ,0
 076900 ,1      ,1
 076900 ,2      ,0
 076950 ,6      ,1
 077150 ,1      ,0
 077150 ,2      ,1
 077150 ,6      ,0
 077300 ,2      ,0
 077300 ,3      ,1
 077400 ,7      ,1
 077500 ,3      ,0
 077500 ,4      ,1
 077600 ,7      ,0
 077700 ,4      ,0
 077700 ,5      ,1
 077800 ,8      ,1
 077950 ,4      ,1
 077950 ,5      ,0
 078000 ,8      ,0
 078150 ,3      ,1
 078150 ,4      ,0
 078200 ,7      ,1
 078350 ,2      ,1
 078350 ,3      ,0
 078400 ,7      ,0
 078550 ,1      ,1
 078550 ,2      ,0
 078600 ,6      ,1
 078800 ,1      ,0
 078800 ,2      ,1
 078800 ,6      ,0
 079000 ,2      ,0
 079000 ,3      ,1
 079050 ,7      ,1
 079200 ,3      ,0
 079200 ,4      ,1
 079250 ,7      ,0
 079400 ,4      ,0
 079400 ,5      ,1
 079400 ,8      ,1
 079600 ,4      ,1
 079600 ,5      ,0
 079600 ,8      ,0
 079800 ,3      ,1
 079800 ,4      ,0
 079850 ,7      ,1
 080000 ,2      ,1
 080000 ,3      ,0
 080050 ,7      ,0
 080200 ,1      ,1
 080200 ,2      ,0
 080300 ,6      ,1
 080450 ,1      ,0
 080450 ,2      ,1
 080500 ,6      ,0
 080650 ,2      ,0
 080650 ,3      ,1
 080750 ,7      ,1
 080900 ,3      ,0
 080900 ,4      ,1
 080950 ,7      ,0
 081100 ,4      ,0
 081100 ,5      ,1
 081100 ,8      ,1
 081300 ,4      ,1
 081300 ,5      ,0
 081300 ,8      ,0
 081500 ,3      ,1
 081500 ,4      ,0
 081550 ,7      ,1
 081700 ,2      ,1
 081700 ,3      ,0
 081750 ,7      ,0
 081900 ,1      ,1
 081900 ,2      ,0
 081950 ,6      ,1
 082050 ,1      ,0
 082150 ,6      ,0
 082750 ,5      ,1
 083050 ,4      ,1
 083300 ,3      ,1
 083300 ,8      ,1
 083700 ,2      ,1
 083700 ,8      ,0
 084100 ,1      ,1
 084100 ,7      ,1
 084500 ,1      ,0
 084500 ,7      ,0
 084950 ,1      ,1
 084950 ,8      ,1
 085300 ,1      ,0
 085300 ,8      ,0
 085450 ,2      ,0
 085550 ,3      ,0
 085700 ,4      ,0
 085800 ,5      ,0
 086200 ,5      ,1
 086450 ,4      ,1
 086650 ,8      ,1
 086700 ,3      ,1
 086900 ,2      ,1
 087000 ,8      ,0
 087500 ,7      ,1
 087550 ,1      ,1
 087850 ,1      ,0
 087900 ,7      ,0
 088300 ,1      ,1
 088300 ,8      ,1
 088500 ,1      ,0
 088550 ,2      ,0
 088600 ,3      ,0
 088650 ,4      ,0
 088700 ,5      ,0
 088700 ,8      ,0
 090000 ,5      ,1
 090400 ,4      ,1
 090850 ,3      ,1
 090850 ,8      ,1
 091050 ,7      ,1
 091050 ,8      ,0
 091250 ,7      ,0
 091250 ,8      ,1
 091450 ,7      ,1
 091450 ,8      ,0
 091650 ,2      ,1
 091650 ,7      ,0
 091900 ,1      ,1
 092200 ,1      ,0
 092500 ,2      ,0
 092500 ,8      ,1
 092650 ,3      ,0
 092700 ,7      ,1
 092700 ,8      ,0
 092750 ,4      ,0
 092850 ,5      ,0
 092900 ,7      ,0
 092900 ,8      ,1
 093100 ,7      ,1
 093100 ,8      ,0
 093300 ,5      ,1
 093300 ,7      ,0
 093550 ,4      ,1
 093950 ,3      ,1
 094250 ,2      ,1
 094550 ,1      ,1
 095100 ,1      ,0
 095100 ,2      ,0
 095100 ,3      ,0
 095100 ,4      ,0
 095100 ,5      ,0
 095100 ,6      ,1
 095300 ,6      ,0
 095900 ,6      ,1
 096150 ,6      ,0
 096750 ,5      ,1
 096900 ,4      ,1
 096900 ,5      ,0
 097100 ,3      ,1
 097100 ,4      ,0
 097300 ,2      ,1
 097300 ,3      ,0
 097500 ,1      ,1
 097500 ,3      ,1
 097500 ,4      ,1
 097500 ,5      ,1
 097500 ,6      ,1
 097500 ,7      ,1
 097600 ,8      ,1
 097650 ,7      ,0
 097750 ,1      ,0
 097750 ,3      ,0
 097750 ,4      ,0
 097750 ,5      ,0
 097750 ,6      ,0
 097750 ,8      ,0
 097950 ,2      ,0
 097950 ,3      ,1
 098250 ,3      ,0
 098250 ,4      ,1
 098400 ,4      ,0
 098400 ,5      ,1
 098850 ,4      ,1
 099300 ,3      ,1
 099350 ,8      ,1
 099500 ,3      ,0
 099550 ,7      ,1
 099550 ,8      ,0
 099600 ,4      ,0
 099750 ,5      ,0
 099750 ,7      ,0
 100150 ,1      ,1
 100150 ,2      ,1
 100150 ,3      ,1
 100150 ,4      ,1
 100150 ,5      ,1
 100650 ,1      ,0
 101000 ,2      ,0
 101450 ,3      ,0
 101850 ,4      ,0
 101850 ,6      ,1
 102050 ,4      ,1
 102050 ,5      ,0
 102050 ,6      ,0
 102050 ,7      ,1
 102200 ,3      ,1
 102200 ,4      ,0
 102200 ,7      ,0
 102200 ,8      ,1
 102400 ,2      ,1
 102400 ,3      ,0
 102400 ,7      ,1
 102400 ,8      ,0
 102600 ,1      ,1
 102600 ,2      ,0
 102600 ,6      ,1
 102600 ,7      ,0
 102750 ,1      ,0
 102750 ,6      ,0
 103600 ,5      ,1
 103600 ,8      ,1
 103750 ,4      ,1
 103750 ,5      ,0
 103750 ,8      ,0
 103850 ,8      ,1
 103950 ,3      ,1
 103950 ,4      ,0
 104000 ,8      ,0
 104100 ,8      ,1
 104150 ,2      ,1
 104150 ,3      ,0
 104250 ,8      ,0
 104350 ,1      ,1
 104350 ,2      ,0
 104350 ,8      ,1
 104450 ,7      ,1
 104450 ,8      ,0
 104550 ,1      ,0
 104550 ,2      ,1
 104600 ,7      ,0
 104700 ,7      ,1
 104750 ,2      ,0
 104750 ,3      ,1
 104850 ,7      ,0
 104950 ,3      ,0
 104950 ,4      ,1
 104950 ,7      ,1
 105100 ,7      ,0
 105150 ,4      ,0
 105150 ,5      ,1
 105200 ,1      ,1
 105200 ,2      ,1
 105200 ,3      ,1
 105200 ,4      ,1
 105450 ,1      ,0
 105450 ,2      ,0
 105450 ,3      ,0
 105450 ,4      ,0
 105450 ,5      ,0
 105700 ,1      ,1
 105700 ,2      ,1
 105700 ,3      ,1
 105700 ,4      ,1
 105700 ,5      ,1
 105950 ,1      ,0
 105950 ,2      ,0
 105950 ,3      ,0
 105950 ,4      ,0
 105950 ,5      ,0
 106150 ,1      ,1
 106150 ,2      ,1
 106150 ,3      ,1
 106150 ,4      ,1
 106150 ,5      ,1
 106400 ,1      ,0
 106400 ,2      ,0
 106400 ,3      ,0
 106400 ,4      ,0
 106400 ,5      ,0
 107000 ,1      ,1
 107000 ,2      ,1
 107000 ,3      ,1
 107000 ,4      ,1
 107000 ,5      ,1
 107150 ,1      ,0
 107300 ,2      ,0
 107500 ,3      ,0
 107650 ,4      ,0
 107800 ,5      ,0
 107900 ,1      ,1
 107900 ,2      ,1
 107900 ,3      ,1
 107900 ,4      ,1
 107900 ,5      ,1
 107900 ,6      ,1
 108100 ,1      ,0
 108100 ,2      ,0
 108100 ,3      ,0
 108100 ,4      ,0
 108100 ,5      ,0
 108100 ,6      ,0
 108300 ,1      ,1
 108300 ,2      ,1
 108300 ,3      ,1
 108300 ,4      ,1
 108300 ,5      ,1
 108300 ,7      ,1
 108600 ,1      ,0
 108600 ,2      ,0
 108600 ,3      ,0
 108600 ,4      ,0
 108600 ,5      ,0
 108600 ,7      ,0
 108750 ,1      ,1
 108750 ,2      ,1
 108750 ,3      ,1
 108750 ,4      ,1
 108750 ,5      ,1
 108750 ,8      ,1
 108900 ,1      ,0
 108950 ,7      ,1
 108950 ,8      ,0
 109100 ,2      ,0
 109150 ,7      ,0
 109150 ,8      ,1
 109350 ,3      ,0
 109350 ,7      ,1
 109350 ,8      ,0
 109550 ,4      ,0
 109550 ,7      ,0
 109550 ,8      ,1
 109700 ,5      ,0
 109700 ,8      ,0
 109900 ,5      ,1
 110250 ,4      ,1
 110400 ,8      ,1
 110500 ,3      ,1
 110800 ,8      ,0
 110900 ,2      ,1
 111250 ,7      ,1
 111300 ,1      ,1
 111650 ,7      ,0
 111700 ,1      ,0
 112100 ,1      ,1
 112150 ,8      ,1
 112400 ,1      ,0
 112550 ,2      ,0
 112550 ,8      ,0
 113000 ,3      ,0
 113000 ,4      ,0
 113000 ,5      ,0
 113400 ,5      ,1
 113550 ,4      ,1
 113800 ,3      ,1
 113850 ,8      ,1
 114000 ,2      ,1
 114250 ,8      ,0
 114650 ,1      ,1
 114650 ,7      ,1
 115050 ,7      ,0
 115350 ,1      ,0
 115450 ,8      ,1
 115550 ,2      ,0
 115650 ,3      ,0
 115800 ,4      ,0
 115950 ,5      ,0
 115950 ,8      ,0
 117250 ,5      ,1
 117250 ,6      ,1
 117650 ,4      ,1
 117650 ,6      ,0
 117650 ,7      ,1
 118100 ,3      ,1
 118100 ,7      ,0
 118100 ,8      ,1
 118250 ,2      ,1
 118500 ,2      ,0
 118500 ,6      ,1
 118500 ,8      ,0
 118700 ,2      ,1
 118900 ,1      ,1
 118900 ,6      ,0
 118900 ,7      ,1
 119350 ,7      ,0
 119350 ,8      ,1
 119400 ,1      ,0
 119750 ,2      ,0
 119800 ,6      ,1
 119800 ,8      ,0
 120200 ,6      ,0
 120200 ,7      ,1
 120300 ,3      ,0
 120650 ,4      ,0
 120650 ,7      ,0
 120650 ,8      ,1
 120950 ,4      ,1
 121100 ,6      ,1
 121100 ,8      ,0
 121500 ,6      ,0
 121500 ,7      ,1
 121550 ,3      ,1
 121750 ,2      ,1
 122000 ,1      ,1
 122000 ,7      ,0
 122000 ,8      ,1
 122100 ,1      ,0
 122250 ,2      ,0
 122250 ,7      ,1
 122250 ,8      ,0
 122450 ,3      ,0
 122450 ,6      ,1
 122450 ,7      ,0
 122650 ,4      ,0
 122650 ,6      ,0
 122650 ,7      ,1
 122800 ,7      ,0
 122800 ,8      ,1
 122950 ,5      ,0
 122950 ,8      ,0
 123150 ,8      ,1
 123600 ,8      ,0
 124050 ,7      ,1
 124500 ,7      ,0
 124950 ,6      ,1
 125400 ,6      ,0
 125850 ,8      ,1
 126300 ,8      ,0
 126650 ,7      ,1
 127100 ,7      ,0
 127550 ,6      ,1
 128000 ,6      ,0
 128300 ,8      ,1
 128750 ,8      ,0
 129150 ,7      ,1
 129600 ,7      ,0
 130000 ,6      ,1
 130450 ,6      ,0
 130900 ,8      ,1
 131350 ,8      ,0
 131700 ,7      ,1
 132150 ,7      ,0
 132200 ,1      ,0
 132200 ,2      ,0
 132200 ,3      ,0
 132200 ,4      ,0
 132200 ,5      ,0
 132200 ,6      ,0
 132200 ,7      ,0
 132200 ,8      ,0
