TIME(MS),COMMAND,VALUE
 000300 ,5      ,1
 000850 ,4      ,1
 001450 ,3      ,1
 001650 ,1      ,1
 001650 ,2      ,1
 002850 ,1      ,0
 002850 ,2      ,0
 002850 ,3      ,0
 002850 ,4      ,0
 002850 ,5      ,0
 002900 ,8      ,1
 003400 ,7      ,1
 003400 ,8      ,0
 003650 ,6      ,1
 003650 ,7      ,0
 003900 ,1      ,1
 003900 ,2      ,1
 003900 ,3      ,1
 003900 ,4      ,1
 003900 ,5      ,1
 003900 ,7      ,1
 003900 ,8      ,1
 004000 ,1      ,0
 004000 ,2      ,0
 004000 ,3      ,0
 004000 ,4      ,0
 004000 ,5      ,0
 004000 ,6      ,0
 004000 ,7      ,0
 004000 ,8      ,0
 004050 ,1      ,1
 004050 ,2      ,1
 004050 ,3      ,1
 004050 ,4      ,1
 004050 ,5      ,1
 004050 ,6      ,1
 004050 ,7      ,1
 004050 ,8      ,1
 004150 ,1      ,0
 004150 ,2      ,0
 004150 ,3      ,0
 004150 ,4      ,0
 004150 ,5      ,0
 004150 ,6      ,0
 004150 ,7      ,0
 004150 ,8      ,0
 004450 ,8      ,1
 004700 ,1      ,1
 004700 ,2      ,1
 004700 ,3      ,1
 004700 ,4      ,1
 004700 ,5      ,1
 004700 ,6      ,1
 004700 ,7      ,1
 005350 ,1      ,0
 005350 ,2      ,0
 005350 ,3      ,0
 005350 ,4      ,0
 005350 ,5      ,0
 005350 ,6      ,0
 005350 ,7      ,0
 005350 ,8      ,0
 005400 ,1      ,1
 005950 ,2      ,1
 006550 ,3      ,1
 006750 ,4      ,1
 006750 ,5      ,1
 007850 ,8      ,1
 007950 ,1      ,0
 007950 ,2      ,0
 007950 ,3      ,0
 007950 ,4      ,0
 007950 ,5      ,0
 008350 ,7      ,1
 008500 ,8      ,0
 008650 ,6      ,1
 008750 ,7      ,0
 009000 ,1      ,1
 009000 ,2      ,1
 009000 ,3      ,1
 009000 ,4      ,1
 009000 ,5      ,1
 009000 ,7      ,1
 009000 ,8      ,1
 009100 ,1      ,0
 009100 ,2      ,0
 009100 ,3      ,0
 009100 ,4      ,0
 009100 ,5      ,0
 009100 ,6      ,0
 009100 ,7      ,0
 009100 ,8      ,0
 009150 ,1      ,1
 009150 ,2      ,1
 009150 ,3      ,1
 009150 ,4      ,1
 009150 ,5      ,1
 009150 ,6      ,1
 009150 ,7      ,1
 009150 ,8      ,1
 009250 ,1      ,0
 009250 ,2      ,0
 009250 ,3      ,0
 009250 ,4      ,0
 009250 ,5      ,0
 009250 ,6      ,0
 009250 ,7      ,0
 009250 ,8      ,0
 009300 ,2      ,1
 009300 ,3      ,1
 009300 ,5      ,1
 009300 ,7      ,1
 009350 ,1      ,1
 009350 ,4      ,1
 009350 ,6      ,1
 009400 ,1      ,0
 009400 ,2      ,0
 009400 ,4      ,0
 009400 ,6      ,0
 009400 ,7      ,0
 009450 ,2      ,1
 009450 ,3      ,0
 009450 ,5      ,0
 009500 ,2      ,0
 009500 ,6      ,1
 009500 ,7      ,1
 009550 ,2      ,1
 009550 ,5      ,1
 009600 ,1      ,1
 009600 ,4      ,1
 009600 ,5      ,0
 009600 ,8      ,1
 009650 ,1      ,0
 009650 ,2      ,0
 009700 ,1      ,1
 009700 ,2      ,1
 009700 ,5      ,1
 009750 ,1      ,0
 009750 ,4      ,0
 009750 ,5      ,0
 009750 ,7      ,0
 009750 ,8      ,0
 009800 ,2      ,0
 009800 ,6      ,0
 009800 ,8      ,1
 009850 ,1      ,1
 009850 ,2      ,1
 009850 ,3      ,1
 009850 ,4      ,1
 009850 ,5      ,1
 009850 ,6      ,1
 009850 ,7      ,1
 009900 ,1      ,0
 009900 ,2      ,0
 009900 ,4      ,0
 009950 ,1      ,1
 009950 ,2      ,1
 009950 ,8      ,0
 010000 ,4      ,1
 010000 ,8      ,1
 010050 ,1      ,0
 010050 ,3      ,0
 010050 ,4      ,0
 010050 ,5      ,0
 010050 ,6      ,0
 010100 ,1      ,1
 010100 ,4      ,1
 010100 ,5      ,1
 010100 ,8      ,0
 010150 ,3      ,1
 010200 ,1      ,0
 010200 ,4      ,0
 010200 ,6      ,1
 010200 ,8      ,1
 010250 ,2      ,0
 010250 ,3      ,0
 010250 ,4      ,1
 010250 ,6      ,0
 010250 ,7      ,0
 010300 ,1      ,1
 010300 ,2      ,1
 010300 ,3      ,1
 010300 ,6      ,1
 010300 ,7      ,1
 010350 ,1      ,0
 010350 ,2      ,0
 010350 ,3      ,0
 010350 ,4      ,0
 010350 ,6      ,0
 010350 ,7      ,0
 011050 ,1      ,1
 011050 ,2      ,1
 011050 ,5      ,0
 011400 ,1      ,0
 011400 ,2      ,0
 011400 ,3      ,1
 011750 ,3      ,0
 011750 ,4      ,1
 012550 ,2      ,1
 012550 ,4      ,0
 012550 ,7      ,1
 012550 ,8      ,0
 012950 ,1      ,1
 012950 ,2      ,0
 013500 ,1      ,0
 013500 ,5      ,1
 013800 ,4      ,1
 014150 ,3      ,1
 014150 ,4      ,0
 014150 ,5      ,0
 015150 ,2      ,1
 015150 ,3      ,0
 015150 ,6      ,1
 015150 ,7      ,0
 015500 ,1      ,1
 015750 ,5      ,1
 016100 ,4      ,1
 016450 ,3      ,1
 016450 ,7      ,1
 016450 ,8      ,1
 016600 ,6      ,0
 016600 ,7      ,0
 016600 ,8      ,0
 016800 ,6      ,1
 016800 ,7      ,1
 016800 ,8      ,1
 016950 ,6      ,0
 016950 ,7      ,0
 016950 ,8      ,0
 017100 ,6      ,1
 017100 ,7      ,1
 017100 ,8      ,1
 017250 ,6      ,0
 017250 ,7      ,0
 017250 ,8      ,0
 017450 ,6      ,1
 017450 ,7      ,1
 017450 ,8      ,1
 017600 ,6      ,0
 017600 ,7      ,0
 017600 ,8      ,0
 017650 ,1      ,0
 017650 ,2      ,0
 017650 ,3      ,0
 017650 ,4      ,0
 017650 ,5      ,0
 017900 ,1      ,1
 017900 ,2      ,1
 017900 ,3      ,1
 017900 ,4      ,1
 017950 ,4      ,0
 017950 ,5      ,1
 018000 ,3      ,0
 018000 ,4      ,1
 018050 ,2      ,0
 018050 ,3      ,1
 018100 ,1      ,0
 018100 ,2      ,1
 018100 ,5      ,0
 018150 ,1      ,1
 018150 ,4      ,0
 018150 ,5      ,1
 018200 ,3      ,0
 018200 ,4      ,1
 018250 ,2      ,0
 018250 ,3      ,1
 018300 ,1      ,0
 018300 ,2      ,1
 018300 ,5      ,0
 018350 ,1      ,1
 018350 ,4      ,0
 018350 ,5      ,1
 018400 ,3      ,0
 018400 ,4      ,1
 018450 ,2      ,0
 018450 ,3      ,1
 018500 ,1      ,0
 018500 ,2      ,1
 018500 ,5      ,0
 018550 ,1      ,1
 018550 ,4      ,0
 018550 ,5      ,1
 018600 ,3      ,0
 018600 ,4      ,1
 018650 ,2      ,0
 018650 ,3      ,1
 018700 ,1      ,0
 018700 ,2      ,1
 018700 ,5      ,0
 018750 ,1      ,1
 018750 ,4      ,0
 018750 ,5      ,1
 018800 ,3      ,0
 018800 ,4      ,1
 018850 ,2      ,0
 018850 ,3      ,1
 018900 ,1      ,0
 018900 ,2      ,1
 018900 ,5      ,0
 018950 ,1      ,1
 018950 ,4      ,0
 018950 ,5      ,1
 019000 ,3      ,0
 019000 ,4      ,1
 019050 ,2      ,0
 019050 ,3      ,1
 019100 ,1      ,0
 019100 ,2      ,1
 019150 ,1      ,1
 019150 ,5      ,0
 019200 ,4      ,0
 019200 ,5      ,1
 019250 ,3      ,0
 019250 ,4      ,1
 019300 ,2      ,0
 019300 ,3      ,1
 019350 ,1      ,0
 019350 ,2      ,1
 019350 ,5      ,0
 019400 ,1      ,1
 019400 ,4      ,0
 019400 ,5      ,1
 019450 ,3      ,0
 019450 ,4      ,1
 019500 ,2      ,0
 019500 ,3      ,1
 019550 ,1      ,0
 019550 ,2      ,1
 019550 ,5      ,0
 019600 ,1      ,1
 019600 ,4      ,0
 019600 ,5      ,1
 019650 ,3      ,0
 019650 ,4      ,1
 019700 ,2      ,0
 019700 ,3      ,1
 019750 ,1      ,0
 019750 ,2      ,1
 019750 ,5      ,0
 019800 ,1      ,1
 019800 ,4      ,0
 019800 ,5      ,1
 019850 ,3      ,0
 019850 ,4      ,1
 019900 ,2      ,0
 019900 ,3      ,1
 019950 ,1      ,0
 019950 ,2      ,1
 019950 ,5      ,0
 020000 ,1      ,1
 020000 ,4      ,0
 020000 ,5      ,1
 020050 ,3      ,0
 020050 ,4      ,1
 020100 ,2      ,0
 020100 ,3      ,1
 020150 ,1      ,0
 020150 ,3      ,0
 020150 ,4      ,0
 020150 ,6      ,1
 020600 ,4      ,1
 021200 ,3      ,1
 021700 ,2      ,1
 022250 ,2      ,0
 022300 ,2      ,1
 022300 ,3      ,0
 022350 ,1      ,1
 022350 ,3      ,1
 022350 ,4      ,0
 022400 ,1      ,0
 022400 ,4      ,1
 022400 ,5      ,0
 022450 ,1      ,1
 022450 ,4      ,0
 022450 ,5      ,1
 022500 ,1      ,0
 022500 ,3      ,0
 022500 ,4      ,1
 022550 ,2      ,0
 022550 ,3      ,1
 022600 ,1      ,1
 022600 ,2      ,1
 023100 ,1      ,0
 023700 ,2      ,0
 024200 ,3      ,0
 024750 ,4      ,0
 024950 ,5      ,0
 025250 ,1      ,1
 025250 ,2      ,1
 025250 ,3      ,1
 025250 ,4      ,1
 025250 ,5      ,1
 025250 ,6      ,0
 025250 ,8      ,1
 025550 ,5      ,0
 026200 ,4      ,0
 026450 ,3      ,0
 026800 ,2      ,0
 026900 ,5      ,1
 027000 ,4      ,1
 027000 ,5      ,0
 027300 ,3      ,1
 027300 ,4      ,0
 027350 ,1      ,0
 027450 ,2      ,1
 027450 ,3      ,0
 027650 ,1      ,1
 027650 ,2      ,0
 027750 ,2      ,1
 027750 ,3      ,1
 027750 ,4      ,1
 027750 ,5      ,1
 028100 ,5      ,0
 028400 ,4      ,0
 028600 ,3      ,0
 029050 ,2      ,0
 029300 ,5      ,1
 029600 ,4      ,1
 029600 ,5      ,0
 029850 ,1      ,0
 029900 ,3      ,1
 029900 ,4      ,0
 030050 ,2      ,1
 030050 ,3      ,0
 030150 ,1      ,1
 030150 ,2      ,0
 030300 ,2      ,1
 030300 ,3      ,1
 030300 ,4      ,1
 030300 ,5      ,1
 030300 ,7      ,1
 030300 ,8      ,0
 030650 ,6      ,1
 030650 ,7      ,0
 031000 ,6      ,0
 031000 ,8      ,1
 031600 ,7      ,1
 031600 ,8      ,0
 031800 ,6      ,1
 031800 ,7      ,0
 032500 ,6      ,0
 032500 ,8      ,1
 032900 ,6      ,1
 032900 ,7      ,1
 033250 ,5      ,0
 033550 ,4      ,0
 033750 ,3      ,0
 034200 ,2      ,0
 034400 ,2      ,1
 034400 ,3      ,1
 034400 ,4      ,1
 034450 ,4      ,0
 034450 ,5      ,1
 034500 ,3      ,0
 034500 ,4      ,1
 034550 ,2      ,0
 034550 ,3      ,1
 034600 ,1      ,0
 034600 ,2      ,1
 034600 ,5      ,0
 034650 ,1      ,1
 034650 ,4      ,0
 034650 ,5      ,1
 034700 ,3      ,0
 034700 ,4      ,1
 034750 ,2      ,0
 034750 ,3      ,1
 034800 ,1      ,0
 034800 ,2      ,1
 034800 ,5      ,0
 034850 ,1      ,1
 034850 ,4      ,0
 034850 ,5      ,1
 034900 ,3      ,0
 034900 ,4      ,1
 034950 ,2      ,0
 034950 ,3      ,1
 035000 ,1      ,0
 035000 ,2      ,1
 035000 ,5      ,0
 035050 ,1      ,1
 035050 ,4      ,0
 035050 ,5      ,1
 035100 ,3      ,0
 035100 ,4      ,1
 035150 ,2      ,0
 035150 ,3      ,1
 035200 ,1      ,0
 035200 ,2      ,1
 035200 ,5      ,0
 035250 ,1      ,1
 035250 ,4      ,0
 035250 ,5      ,1
 035300 ,3      ,0
 035300 ,4      ,1
 035350 ,2      ,0
 035350 ,3      ,1
 035400 ,1      ,0
 035400 ,2      ,1
 035400 ,5      ,0
 035450 ,1      ,1
 035450 ,4      ,0
 035450 ,5      ,1
 035500 ,3      ,0
 035500 ,4      ,1
 035550 ,2      ,0
 035550 ,3      ,1
 035600 ,1      ,0
 035600 ,2      ,1
 035650 ,2      ,0
 035650 ,3      ,0
 035650 ,4      ,0
 035650 ,6      ,0
 035650 ,7      ,0
 035650 ,8      ,0
 036300 ,4      ,1
 036700 ,3      ,1
 036900 ,1      ,1
 036900 ,2      ,1
 038200 ,1      ,0
 038200 ,2      ,0
 038200 ,3      ,0
 038200 ,4      ,0
 038200 ,5      ,0
 038250 ,8      ,1
 038750 ,7      ,1
 038750 ,8      ,0
 039000 ,6      ,1
 039000 ,7      ,0
 039250 ,1      ,1
 039250 ,2      ,1
 039250 ,3      ,1
 039250 ,4      ,1
 039250 ,5      ,1
 039250 ,7      ,1
 039250 ,8      ,1
 039350 ,1      ,0
 039350 ,2      ,0
 039350 ,3      ,0
 039350 ,4      ,0
 039350 ,5      ,0
 039350 ,6      ,0
 039350 ,7      ,0
 039350 ,8      ,0
 039400 ,1      ,1
 039400 ,2      ,1
 039400 ,3      ,1
 039400 ,4      ,1
 039400 ,5      ,1
 039400 ,6      ,1
 039400 ,7      ,1
 039400 ,8      ,1
 039500 ,1      ,0
 039500 ,2      ,0
 039500 ,3      ,0
 039500 ,4      ,0
 039500 ,5      ,0
 039500 ,6      ,0
 039500 ,7      ,0
 039500 ,8      ,0
 039800 ,8      ,1
 040050 ,1      ,1
 040050 ,2      ,1
 040050 ,3      ,1
 040050 ,4      ,1
 040050 ,5      ,1
 040050 ,6      ,1
 040050 ,7      ,1
 040700 ,1      ,0
 040700 ,2      ,0
 040700 ,3      ,0
 040700 ,4      ,0
 040700 ,6      ,0
 040700 ,7      ,0
 040700 ,8      ,0
 041350 ,4      ,1
 041750 ,3      ,1
 041950 ,1      ,1
 041950 ,2      ,1
 043250 ,1      ,0
 043250 ,2      ,0
 043250 ,3      ,0
 043250 ,4      ,0
 043250 ,5      ,0
 043300 ,8      ,1
 043800 ,7      ,1
 043800 ,8      ,0
 044050 ,6      ,1
 044050 ,7      ,0
 044300 ,1      ,1
 044300 ,2      ,1
 044300 ,3      ,1
 044300 ,4      ,1
 044300 ,5      ,1
 044300 ,7      ,1
 044300 ,8      ,1
 044400 ,1      ,0
 044400 ,2      ,0
 044400 ,3      ,0
 044400 ,4      ,0
 044400 ,5      ,0
 044400 ,6      ,0
 044400 ,7      ,0
 044400 ,8      ,0
 044450 ,1      ,1
 044450 ,2      ,1
 044450 ,3      ,1
 044450 ,4      ,1
 044450 ,5      ,1
 044450 ,6      ,1
 044450 ,7      ,1
 044450 ,8      ,1
 044550 ,1      ,0
 044550 ,2      ,0
 044550 ,3      ,0
 044550 ,4      ,0
 044550 ,5      ,0
 044550 ,6      ,0
 044550 ,7      ,0
 044550 ,8      ,0
 044850 ,8      ,1
 045100 ,1      ,1
 045100 ,2      ,1
 045100 ,3      ,1
 045100 ,4      ,1
 045100 ,5      ,1
 045100 ,6      ,1
 045100 ,7      ,1
 045700 ,1      ,0
 045700 ,3      ,0
 045700 ,5      ,0
 045700 ,7      ,0
 046350 ,1      ,1
 046350 ,2      ,0
 046350 ,3      ,1
 046350 ,4      ,0
 046350 ,5      ,1
 046900 ,1      ,0
 046900 ,2      ,1
 046900 ,3      ,0
 046900 ,4      ,1
 046900 ,5      ,0
 047150 ,1      ,1
 047150 ,2      ,0
 047150 ,3      ,1
 047150 ,4      ,0
 047150 ,5      ,1
 047600 ,1      ,0
 047600 ,2      ,1
 047600 ,3      ,0
 047600 ,4      ,1
 047600 ,5      ,0
 048000 ,1      ,1
 048000 ,2      ,0
 048000 ,3      ,1
 048000 ,4      ,0
 048000 ,5      ,1
 048000 ,6      ,0
 048000 ,7      ,1
 048250 ,1      ,0
 048250 ,2      ,1
 048250 ,3      ,0
 048250 ,4      ,1
 048250 ,5      ,0
 048850 ,1      ,1
 048850 ,2      ,0
 048850 ,3      ,1
 048850 ,4      ,0
 048850 ,5      ,1
 049500 ,1      ,0
 049500 ,2      ,1
 049500 ,3      ,0
 049500 ,4      ,1
 049500 ,5      ,0
 050500 ,1      ,1
 050500 ,2      ,0
 050500 ,3      ,1
 050500 ,4      ,0
 050500 ,5      ,1
 050500 ,6      ,1
 050500 ,8      ,0
 050750 ,1      ,0
 050750 ,2      ,1
 050750 ,3      ,0
 050750 ,4      ,1
 050750 ,5      ,0
 051750 ,1      ,1
 051750 ,2      ,0
 051750 ,3      ,1
 051750 ,4      ,0
 051750 ,5      ,1
 052000 ,1      ,0
 052000 ,2      ,1
 052000 ,3      ,0
 052000 ,4      ,1
 052000 ,5      ,0
 053050 ,1      ,1
 053050 ,2      ,0
 053050 ,3      ,1
 053050 ,4      ,0
 053050 ,5      ,1
 053350 ,1      ,0
 053350 ,2      ,1
 053350 ,3      ,0
 053350 ,4      ,1
 053350 ,5      ,0
 053900 ,1      ,1
 053900 ,2      ,0
 053900 ,3      ,1
 053900 ,4      ,0
 053900 ,5      ,1
 054500 ,1      ,0
 054500 ,2      ,1
 054500 ,3      ,0
 054500 ,4      ,1
 054500 ,5      ,0
 055150 ,1      ,1
 055150 ,2      ,0
 055150 ,3      ,1
 055150 ,4      ,0
 055150 ,5      ,1
 055500 ,2      ,1
 055500 ,5      ,0
 055500 ,7      ,0
 055500 ,8      ,1
 055850 ,1      ,0
 055850 ,2      ,0
 055850 ,3      ,0
 055850 ,4      ,1
 055850 ,5      ,1
 056400 ,1      ,1
 056400 ,2      ,1
 056400 ,4      ,0
 056400 ,5      ,0
 057000 ,1      ,0
 057000 ,2      ,0
 057000 ,5      ,1
 057150 ,4      ,1
 057400 ,3      ,1
 057650 ,2      ,1
 057900 ,1      ,1
 058050 ,1      ,0
 058050 ,2      ,0
 058050 ,3      ,0
 058050 ,4      ,0
 058050 ,6      ,0
 058050 ,7      ,1
 058400 ,3      ,1
 058400 ,4      ,1
 059050 ,1      ,1
 059050 ,2      ,1
 059050 ,3      ,0
 059050 ,4      ,0
 059050 ,5      ,0
 059550 ,1      ,0
 059550 ,2      ,0
 059550 ,5      ,1
 059750 ,4      ,1
 059950 ,3      ,1
 060200 ,2      ,1
 060400 ,1      ,1
 060600 ,4      ,0
 060600 ,5      ,0
 060600 ,6      ,1
 061100 ,1      ,0
 061100 ,2      ,0
 061100 ,3      ,0
 061100 ,5      ,1
 061300 ,3      ,1
 061300 ,4      ,1
 061650 ,2      ,1
 061950 ,2      ,0
 061950 ,3      ,0
 061950 ,4      ,0
 061950 ,5      ,0
 061950 ,6      ,0
 061950 ,7      ,0
 061950 ,8      ,0
 062000 ,1      ,1
 062000 ,2      ,1
 062000 ,4      ,1
 062000 ,7      ,1
 062050 ,2      ,0
 062050 ,3      ,1
 062050 ,4      ,0
 062050 ,6      ,1
 062100 ,3      ,0
 062100 ,5      ,1
 062100 ,7      ,0
 062100 ,8      ,1
 062150 ,2      ,1
 062150 ,6      ,0
 062200 ,1      ,0
 062200 ,3      ,1
 062200 ,5      ,0
 062200 ,7      ,1
 062250 ,2      ,0
 062250 ,5      ,1
 062300 ,1      ,1
 062300 ,2      ,1
 062300 ,3      ,0
 062300 ,5      ,0
 062350 ,1      ,0
 062350 ,2      ,0
 062350 ,3      ,1
 062350 ,4      ,1
 062400 ,2      ,1
 062400 ,3      ,0
 062400 ,4      ,0
 062400 ,5      ,1
 062400 ,6      ,1
 062400 ,7      ,0
 062450 ,5      ,0
 062450 ,7      ,1
 062500 ,4      ,1
 062500 ,5      ,1
 062500 ,6      ,0
 062500 ,8      ,0
 062550 ,1      ,1
 062550 ,2      ,0
 062550 ,3      ,1
 062550 ,7      ,0
 062600 ,3      ,0
 062600 ,4      ,0
 062600 ,5      ,0
 062600 ,6      ,1
 062600 ,7      ,1
 062600 ,8      ,1
 062650 ,5      ,1
 062650 ,8      ,0
 062700 ,2      ,1
 062700 ,4      ,1
 062700 ,6      ,0
 062700 ,7      ,0
 062750 ,1      ,0
 062750 ,3      ,1
 062750 ,4      ,0
 062750 ,8      ,1
 062800 ,1      ,1
 062800 ,2      ,0
 062800 ,3      ,0
 062800 ,5      ,0
 062800 ,6      ,1
 062800 ,7      ,1
 062850 ,4      ,1
 062850 ,8      ,0
 062900 ,1      ,0
 062900 ,2      ,1
 062900 ,3      ,1
 062900 ,4      ,0
 062900 ,6      ,0
 062900 ,8      ,1
 062950 ,2      ,0
 062950 ,6      ,1
 063000 ,1      ,1
 063000 ,8      ,0
 063050 ,1      ,0
 063050 ,2      ,1
 063050 ,4      ,1
 063050 ,6      ,0
 063050 ,7      ,0
 063050 ,8      ,1
 063100 ,1      ,1
 063100 ,2      ,0
 063100 ,3      ,0
 063100 ,7      ,1
 063150 ,2      ,1
 063150 ,3      ,1
 063150 ,4      ,0
 063150 ,6      ,1
 063650 ,1      ,0
 063650 ,2      ,0
 063650 ,3      ,0
 063650 ,5      ,1
 063850 ,3      ,1
 063850 ,4      ,1
 064200 ,2      ,1
 064550 ,2      ,0
 064550 ,3      ,0
 064550 ,4      ,0
 064550 ,5      ,0
 064550 ,6      ,0
 064550 ,7      ,0
 064550 ,8      ,0
 064600 ,1      ,1
 064600 ,3      ,1
 064600 ,6      ,1
 064600 ,7      ,1
 064650 ,3      ,0
 064650 ,5      ,1
 064650 ,7      ,0
 064650 ,8      ,1
 064700 ,2      ,1
 064700 ,6      ,0
 064750 ,1      ,0
 064750 ,3      ,1
 064750 ,5      ,0
 064750 ,7      ,1
 064800 ,2      ,0
 064800 ,5      ,1
 064850 ,1      ,1
 064850 ,2      ,1
 064850 ,3      ,0
 064850 ,5      ,0
 064900 ,1      ,0
 064900 ,2      ,0
 064900 ,3      ,1
 064900 ,4      ,1
 064950 ,2      ,1
 064950 ,3      ,0
 064950 ,4      ,0
 064950 ,5      ,1
 064950 ,6      ,1
 064950 ,7      ,0
 065000 ,5      ,0
 065000 ,7      ,1
 065050 ,4      ,1
 065050 ,5      ,1
 065050 ,6      ,0
 065050 ,8      ,0
 065100 ,1      ,1
 065100 ,2      ,0
 065100 ,3      ,1
 065100 ,7      ,0
 065150 ,3      ,0
 065150 ,4      ,0
 065150 ,5      ,0
 065150 ,6      ,1
 065150 ,7      ,1
 065150 ,8      ,1
 065200 ,5      ,1
 065200 ,8      ,0
 065250 ,2      ,1
 065250 ,4      ,1
 065250 ,6      ,0
 065250 ,7      ,0
 065300 ,1      ,0
 065300 ,3      ,1
 065300 ,4      ,0
 065300 ,8      ,1
 065350 ,1      ,1
 065350 ,2      ,0
 065350 ,3      ,0
 065350 ,5      ,0
 065350 ,6      ,1
 065350 ,7      ,1
 065400 ,4      ,1
 065400 ,8      ,0
 065450 ,1      ,0
 065450 ,2      ,1
 065450 ,3      ,1
 065450 ,4      ,0
 065450 ,6      ,0
 065450 ,8      ,1
 065500 ,2      ,0
 065500 ,6      ,1
 065550 ,1      ,1
 065550 ,8      ,0
 065600 ,1      ,0
 065600 ,3      ,0
 065600 ,6      ,0
 065600 ,7      ,0
 065650 ,5      ,1
 065650 ,6      ,1
 065650 ,7      ,1
 065650 ,8      ,1
 065900 ,1      ,1
 065900 ,2      ,1
 065900 ,3      ,1
 065900 ,4      ,1
 066300 ,1      ,0
 066300 ,2      ,0
 066300 ,3      ,0
 066300 ,4      ,0
 066400 ,4      ,1
 066500 ,3      ,1
 066650 ,2      ,1
 066750 ,1      ,1
 066850 ,1      ,0
 066850 ,2      ,0
 066850 ,3      ,0
 066850 ,4      ,0
 066850 ,5      ,0
 066850 ,6      ,0
 066850 ,7      ,0
 066850 ,8      ,0
 066900 ,5      ,1
 066900 ,6      ,1
 066900 ,7      ,1
 066900 ,8      ,1
 067250 ,1      ,1
 067250 ,2      ,1
 067250 ,3      ,1
 067250 ,4      ,1
 067750 ,1      ,0
 067850 ,2      ,0
 067950 ,3      ,0
 068050 ,4      ,0
 068100 ,5      ,0
 068100 ,6      ,0
 068100 ,7      ,0
 068100 ,8      ,0
 068150 ,5      ,1
 068150 ,6      ,1
 068150 ,7      ,1
 068150 ,8      ,1
 068450 ,4      ,1
 069100 ,1      ,1
 069100 ,2      ,1
 069100 ,3      ,1
 069750 ,1      ,0
 069750 ,2      ,0
 069750 ,3      ,0
 069750 ,4      ,0
 069750 ,5      ,0
 069750 ,6      ,0
 069750 ,7      ,0
 069750 ,8      ,0
 069800 ,2      ,1
 069800 ,3      ,1
 069800 ,4      ,1
 069800 ,7      ,1
 069850 ,7      ,0
 069850 ,8      ,1
 069900 ,1      ,1
 069900 ,2      ,0
 069950 ,1      ,0
 069950 ,6      ,1
 069950 ,7      ,1
 069950 ,8      ,0
 070000 ,2      ,1
 070000 ,6      ,0
 070050 ,3      ,0
 070050 ,5      ,1
 070050 ,7      ,0
 070050 ,8      ,1
 070100 ,1      ,1
 070100 ,3      ,1
 070100 ,4      ,0
 070100 ,5      ,0
 070100 ,7      ,1
 070100 ,8      ,0
 070150 ,2      ,0
 070150 ,3      ,0
 070150 ,4      ,1
 070150 ,8      ,1
 070200 ,1      ,0
 070200 ,3      ,1
 070200 ,6      ,1
 070200 ,7      ,0
 070250 ,1      ,1
 070250 ,3      ,0
 070300 ,3      ,1
 070300 ,6      ,0
 070300 ,7      ,1
 070300 ,8      ,0
 070350 ,2      ,1
 070350 ,3      ,0
 070350 ,4      ,0
 070350 ,6      ,1
 070350 ,7      ,0
 070350 ,8      ,1
 070400 ,2      ,0
 070400 ,3      ,1
 070400 ,6      ,0
 070400 ,7      ,1
 070450 ,1      ,0
 070450 ,4      ,1
 070450 ,6      ,1
 070450 ,7      ,0
 070500 ,1      ,1
 070500 ,3      ,0
 070500 ,5      ,1
 070500 ,6      ,0
 070500 ,7      ,1
 070500 ,8      ,0
 070550 ,3      ,1
 070550 ,7      ,0
 070600 ,1      ,0
 070600 ,7      ,1
 070650 ,1      ,1
 070650 ,2      ,1
 070650 ,3      ,0
 070650 ,5      ,0
 070650 ,7      ,0
 070650 ,8      ,1
 070700 ,4      ,0
 070700 ,6      ,1
 070750 ,1      ,0
 070750 ,3      ,1
 070750 ,4      ,1
 070750 ,6      ,0
 070750 ,7      ,1
 070750 ,8      ,0
 070800 ,1      ,1
 070800 ,7      ,0
 070850 ,1      ,0
 070850 ,2      ,0
 070850 ,3      ,0
 070850 ,4      ,0
 070900 ,2      ,1
 070900 ,7      ,1
 071450 ,2      ,0
 071450 ,3      ,1
 071800 ,1      ,1
 071800 ,3      ,0
 071950 ,4      ,1
 071950 ,5      ,1
 072000 ,1      ,0
 072650 ,3      ,1
 072700 ,4      ,0
 072700 ,5      ,0
 072850 ,1      ,1
 072850 ,2      ,1
 072850 ,3      ,0
 073100 ,1      ,0
 073100 ,2      ,0
 073100 ,3      ,1
 073650 ,3      ,0
 073650 ,5      ,1
 073650 ,6      ,1
 073650 ,7      ,0
 073900 ,3      ,1
 073900 ,5      ,0
 074100 ,1      ,1
 074100 ,3      ,0
 074450 ,1      ,0
 074450 ,4      ,1
 074700 ,2      ,1
 074700 ,4      ,0
 075050 ,2      ,0
 075050 ,3      ,1
 075350 ,3      ,0
 075350 ,5      ,1
 075450 ,4      ,1
 075450 ,5      ,0
 075600 ,3      ,1
 075600 ,4      ,0
 075750 ,2      ,1
 075750 ,3      ,0
 075900 ,1      ,1
 075900 ,2      ,0
 076000 ,1      ,0
 076000 ,2      ,1
 076000 ,6      ,0
 076000 ,8      ,1
 076550 ,2      ,0
 076550 ,3      ,1
 076900 ,1      ,1
 076900 ,3      ,0
 077050 ,4      ,1
 077050 ,5      ,1
 077100 ,1      ,0
 077750 ,3      ,1
 077800 ,4      ,0
 077800 ,5      ,0
 077950 ,1      ,1
 077950 ,2      ,1
 077950 ,3      ,0
 078200 ,1      ,0
 078200 ,2      ,0
 078200 ,3      ,1
 078700 ,3      ,0
 078700 ,5      ,1
 078700 ,7      ,1
 078700 ,8      ,0
 078950 ,3      ,1
 078950 ,5      ,0
 079200 ,1      ,1
 079200 ,3      ,0
 079500 ,1      ,0
 079500 ,4      ,1
 079750 ,2      ,1
 079750 ,4      ,0
 080100 ,2      ,0
 080100 ,3      ,1
 080450 ,3      ,0
 080450 ,5      ,1
 080550 ,4      ,1
 080550 ,5      ,0
 080700 ,3      ,1
 080700 ,4      ,0
 080850 ,2      ,1
 080850 ,3      ,0
 081000 ,1      ,1
 081000 ,2      ,0
 081100 ,1      ,0
 081100 ,2      ,1
 081100 ,6      ,1
 081100 ,7      ,0
 081650 ,2      ,0
 081650 ,3      ,1
 082000 ,1      ,1
 082000 ,3      ,0
 082150 ,4      ,1
 082150 ,5      ,1
 082200 ,1      ,0
 082850 ,3      ,1
 082900 ,4      ,0
 082900 ,5      ,0
 083050 ,1      ,1
 083050 ,2      ,1
 083050 ,3      ,0
 083300 ,1      ,0
 083300 ,2      ,0
 083300 ,3      ,1
 083850 ,3      ,0
 083850 ,5      ,1
 083850 ,6      ,0
 083850 ,7      ,1
 084100 ,3      ,1
 084100 ,5      ,0
 084300 ,1      ,1
 084300 ,3      ,0
 084650 ,1      ,0
 084650 ,4      ,1
 084900 ,2      ,1
 084900 ,4      ,0
 085250 ,2      ,0
 085250 ,3      ,1
 085550 ,3      ,0
 085550 ,5      ,1
 085650 ,4      ,1
 085650 ,5      ,0
 085750 ,3      ,1
 085750 ,4      ,0
 085900 ,2      ,1
 085900 ,3      ,0
 086000 ,1      ,1
 086000 ,2      ,0
 086100 ,1      ,0
 086100 ,2      ,1
 086100 ,7      ,0
 086100 ,8      ,1
 086650 ,2      ,0
 086650 ,3      ,1
 087000 ,1      ,1
 087000 ,3      ,0
 087150 ,4      ,1
 087150 ,5      ,1
 087200 ,1      ,0
 087850 ,3      ,1
 087900 ,4      ,0
 087900 ,5      ,0
 088050 ,1      ,1
 088050 ,2      ,1
 088050 ,3      ,0
 088300 ,1      ,0
 088300 ,2      ,0
 088300 ,3      ,1
 088850 ,3      ,0
 088850 ,5      ,1
 088850 ,7      ,1
 088850 ,8      ,0
 089100 ,3      ,1
 089100 ,5      ,0
 089300 ,1      ,1
 089300 ,3      ,0
 089650 ,1      ,0
 089650 ,4      ,1
 089900 ,2      ,1
 089900 ,4      ,0
 090250 ,2      ,0
 090250 ,3      ,1
 090550 ,4      ,1
 090550 ,5      ,1
 090550 ,6      ,1
 090550 ,7      ,0
 090650 ,1      ,1
 090650 ,3      ,0
 090650 ,6      ,0
 090650 ,7      ,1
 090700 ,5      ,0
 090700 ,6      ,1
 090750 ,1      ,0
 090750 ,2      ,1
 090750 ,4      ,0
 090750 ,5      ,1
 090750 ,6      ,0
 090750 ,8      ,1
 090800 ,1      ,1
 090800 ,3      ,1
 090800 ,4      ,1
 090800 ,5      ,0
 090800 ,7      ,0
 090800 ,8      ,0
 090850 ,1      ,0
 090850 ,2      ,0
 090850 ,4      ,0
 090850 ,6      ,1
 090850 ,7      ,1
 090850 ,8      ,1
 090900 ,2      ,1
 090900 ,5      ,1
 090900 ,7      ,0
 090900 ,8      ,0
 090950 ,1      ,1
 090950 ,6      ,0
 091000 ,1      ,0
 091000 ,2      ,0
 091000 ,4      ,1
 091000 ,7      ,1
 091050 ,2      ,1
 091050 ,5      ,0
 091050 ,6      ,1
 091050 ,7      ,0
 091100 ,1      ,1
 091100 ,6      ,0
 091100 ,8      ,1
 091150 ,4      ,0
 091150 ,5      ,1
 091200 ,3      ,0
 091200 ,4      ,1
 091250 ,2      ,0
 091250 ,3      ,1
 091300 ,1      ,0
 091300 ,2      ,1
 091300 ,5      ,0
 091350 ,1      ,1
 091350 ,4      ,0
 091350 ,5      ,1
 091400 ,3      ,0
 091400 ,4      ,1
 091450 ,2      ,0
 091450 ,3      ,1
 091500 ,1      ,0
 091500 ,2      ,1
 091500 ,5      ,0
 091550 ,1      ,1
 091550 ,4      ,0
 091550 ,5      ,1
 091600 ,3      ,0
 091600 ,4      ,1
 091650 ,2      ,0
 091650 ,3      ,1
 091700 ,1      ,0
 091700 ,2      ,1
 091700 ,5      ,0
 091750 ,1      ,1
 091750 ,4      ,0
 091750 ,5      ,1
 091800 ,3      ,0
 091800 ,4      ,1
 091850 ,2      ,0
 091850 ,3      ,1
 091900 ,1      ,0
 091900 ,2      ,1
 091900 ,5      ,0
 091950 ,1      ,1
 091950 ,4      ,0
 091950 ,5      ,1
 092000 ,3      ,0
 092000 ,4      ,1
 092050 ,2      ,0
 092050 ,3      ,1
 092100 ,1      ,0
 092100 ,2      ,1
 092100 ,5      ,0
 092150 ,1      ,1
 092150 ,4      ,0
 092150 ,5      ,1
 092200 ,3      ,0
 092200 ,4      ,1
 092250 ,2      ,0
 092250 ,3      ,1
 092300 ,1      ,0
 092300 ,2      ,1
 092350 ,1      ,1
 092350 ,5      ,0
 092400 ,4      ,0
 092400 ,5      ,1
 092450 ,3      ,0
 092450 ,4      ,1
 092500 ,2      ,0
 092500 ,3      ,1
 092550 ,1      ,0
 092550 ,2      ,1
 092550 ,5      ,0
 092600 ,1      ,1
 092600 ,4      ,0
 092600 ,5      ,1
 092650 ,3      ,0
 092650 ,4      ,1
 092700 ,2      ,0
 092700 ,3      ,1
 092750 ,1      ,0
 092750 ,2      ,1
 092750 ,5      ,0
 092800 ,1      ,1
 092800 ,4      ,0
 092800 ,5      ,1
 092850 ,3      ,0
 092850 ,4      ,1
 092900 ,2      ,0
 092900 ,3      ,1
 092950 ,1      ,0
 092950 ,2      ,1
 092950 ,5      ,0
 093000 ,1      ,1
 093000 ,4      ,0
 093000 ,5      ,1
 093000 ,8      ,0
 093050 ,3      ,0
 093050 ,4      ,1
 093100 ,2      ,0
 093100 ,3      ,1
 093150 ,1      ,0
 093150 ,2      ,1
 093150 ,5      ,0
 093200 ,1      ,1
 093200 ,4      ,0
 093200 ,5      ,1
 093250 ,3      ,0
 093250 ,4      ,1
 093300 ,2      ,0
 093300 ,3      ,1
 093350 ,2      ,1
 093350 ,5      ,0
 093400 ,4      ,0
 093400 ,5      ,1
 093450 ,3      ,0
 093450 ,4      ,1
 093500 ,2      ,0
 093500 ,3      ,1
 093550 ,1      ,0
 093550 ,2      ,1
 093550 ,5      ,0
 093600 ,1      ,1
 093600 ,4      ,0
 093600 ,5      ,1
 093650 ,3      ,0
 093650 ,4      ,1
 093700 ,2      ,0
 093700 ,3      ,1
 093750 ,1      ,0
 093750 ,2      ,1
 093750 ,5      ,0
 093800 ,2      ,0
 093800 ,3      ,0
 093800 ,4      ,0
 093850 ,1      ,1
 093850 ,2      ,1
 093850 ,3      ,1
 093850 ,4      ,1
 093850 ,5      ,1
 093850 ,6      ,1
 094200 ,6      ,0
 094200 ,7      ,1
 094500 ,7      ,0
 094500 ,8      ,1
 094750 ,7      ,1
 094750 ,8      ,0
 095950 ,6      ,1
 095950 ,7      ,0
 096350 ,6      ,0
 096350 ,8      ,1
 096850 ,6      ,1
 096850 ,8      ,0
 097300 ,6      ,0
 097300 ,7      ,1
 097500 ,1      ,0
 097650 ,2      ,0
 097950 ,3      ,0
 098250 ,4      ,0
 098500 ,5      ,0
 098500 ,7      ,0
 098600 ,1      ,1
 098600 ,2      ,1
 098600 ,3      ,1
 098600 ,4      ,1
 098600 ,5      ,1
 098600 ,6      ,1
 098950 ,6      ,0
 098950 ,7      ,1
 099600 ,7      ,0
 099600 ,8      ,1
 100100 ,7      ,1
 100100 ,8      ,0
 101100 ,7      ,0
 101100 ,8      ,1
 101550 ,1      ,0
 101550 ,2      ,0
 101550 ,3      ,0
 101550 ,4      ,0
 101550 ,5      ,0
 101550 ,8      ,0
 101600 ,5      ,1
 101600 ,6      ,1
 102150 ,4      ,1
 102550 ,3      ,1
 103000 ,2      ,1
 103400 ,1      ,1
 103650 ,1      ,0
 103650 ,2      ,0
 103650 ,3      ,0
 103650 ,4      ,0
 103650 ,5      ,0
 103650 ,6      ,0
 103700 ,1      ,1
 103700 ,2      ,1
 103700 ,3      ,1
 103700 ,4      ,1
 103700 ,5      ,1
 103700 ,8      ,1
 103850 ,6      ,1
 103850 ,8      ,0
 104050 ,6      ,0
 104050 ,7      ,1
 104550 ,7      ,0
 104550 ,8      ,1
 104850 ,6      ,1
 104850 ,8      ,0
 105200 ,6      ,0
 105200 ,7      ,1
 105600 ,7      ,0
 105600 ,8      ,1
 105750 ,6      ,1
 105750 ,8      ,0
 106100 ,6      ,0
 106100 ,7      ,1
 106450 ,7      ,0
 106450 ,8      ,1
 106750 ,6      ,1
 106750 ,8      ,0
 107050 ,6      ,0
 107050 ,7      ,1
 107400 ,7      ,0
 107400 ,8      ,1
 107700 ,7      ,1
 107700 ,8      ,0
 108150 ,6      ,1
 108150 ,7      ,0
 108350 ,6      ,0
 108350 ,8      ,1
 108650 ,1      ,0
 108650 ,2      ,0
 108650 ,3      ,0
 108650 ,4      ,0
 108650 ,5      ,0
 108650 ,8      ,0
 108700 ,1      ,1
 108700 ,2      ,1
 108700 ,3      ,1
 108700 ,4      ,1
 108700 ,5      ,1
 108700 ,6      ,1
 109050 ,6      ,0
 109050 ,7      ,1
 109300 ,7      ,0
 109300 ,8      ,1
 109500 ,6      ,1
 109500 ,8      ,0
 109750 ,6      ,0
 109750 ,8      ,1
 110100 ,1      ,0
 110100 ,7      ,1
 110100 ,8      ,0
 110300 ,2      ,0
 110450 ,3      ,0
 110550 ,4      ,0
 110700 ,4      ,1
 110800 ,3      ,1
 110950 ,2      ,1
 111150 ,1      ,1
 111150 ,6      ,1
 111150 ,7      ,0
 111450 ,6      ,0
 111450 ,7      ,1
 111800 ,7      ,0
 111800 ,8      ,1
 112000 ,6      ,1
 112000 ,8      ,0
 112300 ,6      ,0
 112300 ,8      ,1
 112550 ,8      ,0
 112600 ,1      ,0
 112600 ,7      ,1
 112800 ,2      ,0
 112950 ,3      ,0
 113050 ,4      ,0
 113200 ,4      ,1
 113300 ,3      ,1
 113450 ,2      ,1
 113600 ,2      ,0
 113600 ,3      ,0
 113600 ,4      ,0
 113600 ,5      ,0
 113600 ,7      ,0
 113650 ,1      ,1
 113650 ,2      ,1
 113650 ,3      ,1
 113650 ,4      ,1
 113650 ,5      ,1
 113650 ,6      ,1
 113850 ,6      ,0
 113850 ,8      ,1
 114100 ,7      ,1
 114100 ,8      ,0
 114400 ,7      ,0
 114400 ,8      ,1
 114950 ,6      ,1
 114950 ,8      ,0
 115300 ,6      ,0
 115300 ,7      ,1
 115750 ,7      ,0
 115750 ,8      ,1
 115900 ,6      ,1
 115900 ,8      ,0
 116250 ,6      ,0
 116250 ,7      ,1
 116550 ,7      ,0
 116550 ,8      ,1
 117100 ,6      ,1
 117100 ,8      ,0
 117750 ,1      ,0
 117750 ,6      ,0
 117750 ,8      ,1
 117950 ,2      ,0
 118100 ,3      ,0
 118200 ,4      ,0
 118350 ,4      ,1
 118450 ,3      ,1
 118600 ,2      ,1
 118700 ,2      ,0
 118700 ,3      ,0
 118700 ,4      ,0
 118700 ,5      ,0
 118700 ,8      ,0
 118750 ,5      ,1
 118750 ,7      ,1
 118950 ,3      ,1
 118950 ,4      ,1
 118950 ,7      ,0
 118950 ,8      ,1
 119450 ,1      ,1
 119450 ,2      ,1
 119450 ,7      ,1
 119450 ,8      ,0
 120050 ,1      ,0
 120050 ,2      ,0
 120050 ,3      ,0
 120050 ,4      ,0
 120050 ,6      ,1
 120050 ,7      ,0
 120400 ,4      ,1
 120400 ,6      ,0
 120400 ,8      ,1
 120850 ,3      ,1
 120850 ,7      ,1
 120850 ,8      ,0
 121050 ,1      ,1
 121050 ,2      ,1
 121050 ,6      ,1
 121050 ,7      ,0
 121400 ,1      ,0
 121400 ,2      ,0
 121400 ,6      ,0
 121400 ,7      ,1
 121600 ,3      ,0
 121600 ,4      ,0
 121600 ,7      ,0
 121600 ,8      ,1
 122950 ,3      ,1
 122950 ,4      ,1
 122950 ,6      ,1
 122950 ,8      ,0
 124300 ,1      ,1
 124300 ,2      ,1
 124300 ,6      ,0
 124300 ,7      ,1
 124700 ,2      ,0
 124700 ,4      ,0
 125050 ,1      ,0
 125050 ,2      ,1
 125050 ,3      ,0
 125050 ,4      ,1
 125050 ,5      ,0
 125200 ,1      ,1
 125200 ,2      ,0
 125200 ,3      ,1
 125200 ,4      ,0
 125200 ,5      ,1
 125800 ,1      ,0
 125800 ,3      ,0
 125800 ,7      ,0
 125800 ,8      ,1
 126000 ,4      ,1
 126300 ,3      ,1
 126750 ,2      ,1
 127050 ,1      ,1
 127250 ,1      ,0
 127550 ,2      ,0
 127850 ,3      ,0
 128200 ,4      ,0
 128500 ,6      ,1
 128500 ,8      ,0
 128600 ,4      ,1
 128600 ,5      ,0
 128650 ,3      ,1
 128650 ,4      ,0
 128700 ,2      ,1
 128700 ,3      ,0
 128750 ,1      ,1
 128750 ,2      ,0
 128750 ,5      ,1
 128800 ,1      ,0
 128800 ,4      ,1
 128800 ,5      ,0
 128850 ,3      ,1
 128850 ,4      ,0
 128900 ,2      ,1
 128900 ,3      ,0
 128950 ,1      ,1
 128950 ,2      ,0
 128950 ,5      ,1
 129000 ,1      ,0
 129000 ,4      ,1
 129000 ,5      ,0
 129050 ,3      ,1
 129050 ,4      ,0
 129100 ,2      ,1
 129100 ,3      ,0
 129150 ,1      ,1
 129150 ,2      ,0
 129200 ,2      ,1
 129200 ,6      ,0
 129700 ,3      ,1
 130100 ,4      ,1
 130300 ,5      ,1
 130900 ,6      ,1
 131100 ,7      ,1
 131400 ,8      ,1
 131850 ,8      ,0
 132150 ,7      ,0
 132350 ,6      ,0
 132650 ,5      ,0
 132950 ,4      ,0
 133250 ,3      ,0
 133600 ,8      ,1
 133650 ,1      ,0
 133650 ,2      ,0
 133650 ,7      ,1
 133650 ,8      ,0
 133700 ,6      ,1
 133700 ,7      ,0
 133750 ,5      ,1
 133750 ,6      ,0
 133800 ,4      ,1
 133800 ,5      ,0
 133850 ,3      ,1
 133850 ,4      ,0
 133900 ,2      ,1
 133900 ,3      ,0
 133950 ,1      ,1
 133950 ,2      ,0
 134000 ,1      ,0
 134050 ,1      ,1
 134050 ,2      ,1
 134050 ,3      ,1
 134050 ,4      ,1
 134050 ,5      ,1
 134050 ,6      ,1
 134050 ,7      ,1
 134050 ,8      ,1
 140000 ,1      ,0
 140000 ,2      ,0
 140000 ,3      ,0
 140000 ,4      ,0
 140000 ,5      ,0
 140000 ,6      ,0
 140000 ,7      ,0
 140000 ,8      ,0
